249.0 83.35604906467951
317.0 104.13695390302179
501.0 158.9718121541362
1.0 3.2759306145709223E-153
214.0 77.40594003121406
1094.0 164.44555807383193
205.0 64.1476944002608
183.0 62.05134516435709
186.0 68.68698669022298
240.0 76.67145476881903
234.0 75.41045567880474
277.0 77.78740752668854
1907.0 223.65495994174563
1668.0 240.17159876618283
2605.0 49.88587953965568
6654.0 170.11426707382725
3462.0 33.397111801111826
1602.0 66.52655458678841
401.0 15.635583194054623
301.0 18.289428852063182
6706.0 38.860656935003526
6633.0 115.48585789904944
1472.0 42.357223508060144
997.0 27.425482499479447
375.0 26.45060787489742
3370.0 58.36555250423959
571.0 22.11221548610513
1405.0 23.48069630833544
2692.0 54.77584802205562
2721.0 76.08740000261257
1102.0 34.381288192239936
4280.0 87.72089362060757
2301.0 89.56638476559968
500.0 31.246095597931646
1398.0 65.89426491791254
4206.0 49.42685092501379
1806.0 46.10163982868073
606.0 41.238423773584444
162.0 14.223725682725393
1.0 6.551861229141845E-154
