#CONTROLLER13.51,1.6307124884080357
0.0,11.0,9.639328451667044
0.0,12.0,8.862061218102548
1.0,11.0,8.958485788660184
1.0,12.0,3.0783636278470805
2.0,11.0,6.929980052114033
2.0,12.0,3.7607050718230077
3.0,11.0,3.053892383854439
3.0,12.0,6.365598958323138
4.0,11.0,6.976608453285548
4.0,12.0,8.367081130384591
5.0,11.0,4.565993238639097
5.0,12.0,7.0573182525370655
6.0,11.0,0.49350032034295843
6.0,12.0,8.618745690714555
7.0,11.0,6.780954370328869
7.0,12.0,4.303276620135543
8.0,11.0,3.416021754211207
8.0,12.0,1.5012129806945023
9.0,11.0,8.006730264432944
9.0,12.0,5.049718817600677
10.0,11.0,5.801027241457697
10.0,12.0,9.626791095380735
12.0,12.0,3.941345863103791
11.0,12.0,5.031282234711867
#CONTROLLER13.53,1.639028163265304
0.0,11.0,9.843764526034946
0.0,12.0,5.862783081936875
1.0,11.0,4.634791092387895
1.0,12.0,1.9215113850165615
2.0,11.0,1.62643312306
2.0,12.0,5.775656402379326
3.0,11.0,7.191650573748518
3.0,12.0,4.773808071923041
4.0,11.0,9.10996369413838
4.0,12.0,4.887305163046925
5.0,11.0,3.714653441747167
5.0,12.0,0.3790564630839821
6.0,11.0,0.922340373922875
6.0,12.0,8.570374482412767
7.0,11.0,4.2094382388974445
7.0,12.0,6.753490747323777
8.0,11.0,4.802450224237318
8.0,12.0,5.890044158450907
9.0,11.0,5.370786838675556
9.0,12.0,7.986779292525037
10.0,11.0,9.10051031596799
10.0,12.0,7.9548114157450645
12.0,12.0,8.675689133357702
12.0,11.0,2.109408990261862
#CONTROLLER12.9,1.6528655199999984
0.0,11.0,9.843764526034946
0.0,12.0,3.7235985757786683
1.0,11.0,5.36669238946941
1.0,12.0,2.7883358415784727
2.0,11.0,1.7369916516763517
2.0,12.0,8.229773429049526
3.0,11.0,1.7602475442108378
3.0,12.0,6.812599865732032
4.0,11.0,2.066146863262473
4.0,12.0,0.505123020727833
5.0,11.0,6.698774078754141
5.0,12.0,9.913735313648633
6.0,11.0,1.7519323913898504
6.0,12.0,2.6700718791576623
7.0,11.0,8.886415412094621
7.0,12.0,1.903579450135986
8.0,11.0,4.873589909101326
8.0,12.0,7.2552559146555335
9.0,11.0,9.305799627274684
9.0,12.0,5.848604055708535
10.0,11.0,3.182118993656746
10.0,12.0,1.8681804393612893
12.0,12.0,4.218497023936747
#CONTROLLER12.32,1.7052780456026042
0.0,11.0,8.622345521836078
0.0,12.0,3.7235985757786683
1.0,11.0,3.468246856555229
1.0,12.0,3.0584780831069818
2.0,11.0,6.215664685632738
2.0,12.0,8.229773429049526
3.0,11.0,3.1198296233804808
3.0,12.0,3.8102116867645286
4.0,11.0,3.3533758006181236
4.0,12.0,1.8323373701918673
5.0,11.0,7.31352725621549
5.0,12.0,7.788166370410989
6.0,11.0,0.05836639093356055
6.0,12.0,9.00736967027235
7.0,11.0,6.997113406127431
7.0,12.0,2.720071516956393
8.0,11.0,9.546362844958974
8.0,12.0,9.701511770252536
9.0,11.0,0.10050352647038352
9.0,12.0,1.1781923811136163
10.0,11.0,7.114719859625673
10.0,12.0,6.491239662519332
11.0,11.0,9.900077188903474
#CONTROLLER12.45,1.6918791653290526
0.0,11.0,9.424252243904455
0.0,12.0,4.957900179207577
1.0,11.0,9.05985873706532
1.0,12.0,6.800427187268717
2.0,11.0,3.5984019281979602
2.0,12.0,0.1969517764533606
3.0,11.0,3.143385121307338
3.0,12.0,8.278425743314248
4.0,11.0,4.566047381357745
4.0,12.0,4.997353598405006
5.0,11.0,6.173352417179041
5.0,12.0,3.2807849184769733
6.0,11.0,1.0166064356526299
6.0,12.0,1.705184393877797
7.0,11.0,2.2672676728008394
7.0,12.0,6.245093337699689
8.0,11.0,9.455157141152519
8.0,12.0,0.46347840975617416
9.0,11.0,3.3627055422561476
9.0,12.0,2.184674469752114
10.0,11.0,1.5783645204321157
10.0,12.0,7.644790425186281
12.0,12.0,1.1907049652473845
#CONTROLLER12.46,1.5608004000000002
0.0,11.0,8.266004905499413
0.0,12.0,5.635566138555646
1.0,11.0,2.9292758001783215
1.0,12.0,6.800427187268717
2.0,11.0,3.806900138706057
2.0,12.0,7.75691873233032
3.0,11.0,7.226706506732506
3.0,12.0,9.914870226959806
4.0,11.0,7.4857995720673065
4.0,12.0,5.114115962573978
5.0,11.0,9.688189869510138
5.0,12.0,4.850393010776266
6.0,11.0,1.1285850397898898
6.0,12.0,0.9422870899551956
7.0,11.0,2.5855371638935676
7.0,12.0,4.604491912592019
8.0,11.0,9.524022825188162
8.0,12.0,9.589926212428606
9.0,11.0,4.775573308086241
9.0,12.0,6.615474337279583
10.0,11.0,2.0750893772233336
10.0,12.0,8.86441026817667
12.0,12.0,2.668236331702712
#CONTROLLER12.56,1.7194205161290312
0.0,11.0,1.4318175992463225
0.0,12.0,4.84395639021783
1.0,11.0,4.300567717214097
1.0,12.0,5.622821349694802
2.0,11.0,7.1401227970755565
2.0,12.0,1.9935425436574423
3.0,11.0,6.840130243922282
3.0,12.0,8.377110693139983
4.0,11.0,0.7619562502834913
4.0,12.0,7.943924720449985
5.0,11.0,1.9274724122082088
5.0,12.0,8.39664191140665
6.0,11.0,9.234566920533599
6.0,12.0,4.772182566596985
7.0,11.0,2.336762433452604
7.0,12.0,7.357320798309708
8.0,11.0,4.549940862166755
8.0,12.0,9.421980100639036
9.0,11.0,5.84677246504838
9.0,12.0,8.635231129114803
10.0,11.0,8.109606789014975
10.0,12.0,4.999513439890022
12.0,12.0,6.754599040874719
#CONTROLLER12.66,1.7596806410256394
0.0,11.0,0.4480154360468962
0.0,12.0,9.550735122795821
1.0,11.0,2.4252662672123098
1.0,12.0,6.800427187268717
2.0,11.0,9.53854785449278
2.0,12.0,8.421317732756439
3.0,11.0,8.099863244073752
3.0,12.0,7.382177094752738
4.0,11.0,0.6475423705529426
4.0,12.0,5.448159043048651
5.0,11.0,9.761415438295309
5.0,12.0,1.6236579948990855
6.0,11.0,9.503433369413276
6.0,12.0,6.40248161726916
7.0,11.0,4.441121493456496
7.0,12.0,0.2960771438645935
8.0,11.0,8.399771516232324
8.0,12.0,1.7338843912327597
9.0,11.0,4.258926622165784
9.0,12.0,2.6557945727353083
10.0,11.0,8.070762440446263
10.0,12.0,5.83677860896106
11.0,11.0,1.8274709387211212
#CONTROLLER12.70,1.236601825726141
0.0,11.0,1.6478452454051347
0.0,12.0,4.200542951166152
1.0,11.0,6.9839695250901705
1.0,12.0,5.321383546254292
2.0,11.0,0.7743046675283622
2.0,12.0,3.9001747607475696
3.0,11.0,1.5978215276209955
3.0,12.0,4.17764374154871
4.0,11.0,7.303889219101766
4.0,12.0,3.7790849594588067
5.0,11.0,2.594208508652123
5.0,12.0,2.4161456821283345
6.0,11.0,8.961601738321484
6.0,12.0,4.340011519151938
7.0,11.0,4.822150953040488
7.0,12.0,1.9228525667366583
8.0,11.0,5.201256719876511
8.0,12.0,5.9514902588004865
9.0,11.0,7.415580163455071
9.0,12.0,5.138349315818012
10.0,11.0,0.5469044670287122
10.0,12.0,3.036580694354698
12.0,12.0,0.9074319983255741
11.0,11.0,7.36919376186367
#CONTROLLER11.1,1.7190645150501669
0.0,11.0,7.053559428224705
0.0,12.0,4.897524631213415
1.0,11.0,7.726721547650146
1.0,12.0,4.0989428580902825
2.0,11.0,1.9492127269040154
2.0,12.0,7.950963867343843
3.0,11.0,0.4599070443968234
3.0,12.0,6.039064159359832
4.0,11.0,1.8639913822568115
4.0,12.0,3.714364644101785
5.0,11.0,1.55509983716016
5.0,12.0,0.3689180241435235
6.0,11.0,2.3604722796308124
6.0,12.0,8.656838889474784
7.0,11.0,1.432840536866113
7.0,12.0,0.3525020489516244
8.0,11.0,1.5632714489259918
8.0,12.0,3.988255500044562
9.0,11.0,3.9875279844663547
9.0,12.0,0.1516165782961547
10.0,11.0,9.523687545675152
10.0,12.0,5.673357999455124
#CONTROLLER11.10,0.8567054666666665
0.0,11.0,9.427088643343687
0.0,12.0,6.134802200103657
1.0,11.0,7.155736447422381
1.0,12.0,0.563456902324674
2.0,11.0,2.5813524099162706
2.0,12.0,7.015231387019195
3.0,11.0,9.709179287739019
3.0,12.0,0.37517703224838606
4.0,11.0,9.636468058119059
4.0,12.0,5.154667941957214
5.0,11.0,4.695266111849447
5.0,12.0,9.90230023235237
6.0,11.0,5.060524698838913
6.0,12.0,9.806263071329017
7.0,11.0,3.672318038116094
7.0,12.0,6.559107493534832
8.0,11.0,1.5788309364510074
8.0,12.0,9.805589650509948
9.0,11.0,0.5564208522722254
9.0,12.0,0.2609020081944369
10.0,11.0,4.678552079909746
10.0,12.0,8.243131372413345
#CONTROLLER11.14,1.3667026500000001
0.0,11.0,0.8243175554646687
0.0,12.0,9.959355338034195
1.0,11.0,7.726721547650146
1.0,12.0,3.722586819808175
2.0,11.0,5.3824155363313775
2.0,12.0,0.6708337402784075
3.0,11.0,0.2410437749203268
3.0,12.0,3.346026768585542
4.0,11.0,5.936845034207683
4.0,12.0,8.168476910790394
5.0,11.0,3.2268637723900433
5.0,12.0,0.6421548383549016
6.0,11.0,2.3604722796308124
6.0,12.0,0.6904505824480758
7.0,11.0,4.321329010471684
7.0,4.55810801202E11,1.0
8.0,11.0,1.5632714489259918
8.0,12.0,8.996476624247201
9.0,11.0,5.47228676024093
9.0,12.0,3.229828941475292
10.0,11.0,9.631034566404752
10.0,12.0,9.984935357012834
4.55810801202E11,12.0,9.375251224128938
#CONTROLLER11.16,1.0250374666666662
0.0,11.0,1.029751826601455
0.0,12.0,7.272545317036201
1.0,11.0,7.726721547650146
1.0,12.0,3.6317431878247453
2.0,11.0,5.985496909591395
2.0,12.0,3.5992487790300753
3.0,11.0,9.38216908176171
3.0,12.0,7.592669035468975
4.0,11.0,1.9949960992044762
4.0,12.0,2.2719346249883117
5.0,11.0,8.930147485014242
5.0,12.0,6.875806206646084
6.0,11.0,9.291702276837857
6.0,12.0,9.313395812868912
7.0,11.0,6.3777602287015185
7.0,12.0,2.4073534748549203
8.0,11.0,6.998747470570792
8.0,12.0,7.407504060800965
9.0,11.0,8.804082465550234
9.0,12.0,3.633343656034329
10.0,11.0,6.619523027810931
10.0,12.0,0.8248554556443288
#CONTROLLER11.19,1.521689766925637
0.0,11.0,4.599627925533667
0.0,12.0,8.085104175169707
1.0,11.0,2.0431978383880782
1.0,12.0,3.6317431878247453
2.0,11.0,6.321045550089725
2.0,12.0,3.5992487790300753
3.0,11.0,2.867596327015189
3.0,12.0,2.8456612112465436
4.0,11.0,1.4819994605577378
4.0,12.0,1.8550650020721164
5.0,11.0,7.262007816840899
5.0,12.0,6.760090479027758
6.0,11.0,3.0907383181889063
6.0,12.0,7.710703335627198
7.0,11.0,4.56908396867988
7.0,12.0,5.324991495392279
8.0,11.0,6.856262442651413
8.0,12.0,6.479178857574035
9.0,11.0,7.141846822473344
9.0,12.0,2.573179686029752
10.0,11.0,6.587208968567467
10.0,12.0,6.222989612563543
#CONTROLLER11.28,1.6160293895671456
0.0,11.0,1.029751826601455
0.0,12.0,2.4127434439898003
1.0,11.0,7.575244175627169
1.0,12.0,3.2095146026985777
2.0,11.0,8.755734260380446
2.0,12.0,1.571610961898152
3.0,11.0,4.050848849664968
3.0,12.0,1.86366325789718
4.0,11.0,9.54123233000115
4.0,12.0,0.01724791513625945
5.0,11.0,8.799283690172725
5.0,12.0,9.459870269332463
6.0,11.0,9.50936313202833
6.0,12.0,7.873624885047801
7.0,11.0,6.3777602287015185
7.0,12.0,3.764129921811903
8.0,11.0,1.8987731384881954
8.0,12.0,7.407504060800965
9.0,11.0,5.114910608617482
9.0,12.0,3.551347973309502
10.0,11.0,7.167458922577865
10.0,12.0,0.8248554556443288
#CONTROLLER11.31,1.3363401553829077
0.0,11.0,1.029751826601455
0.0,12.0,9.337871856069796
1.0,11.0,1.5073605621291755
1.0,12.0,3.550769772414594
2.0,11.0,2.168535270310926
2.0,12.0,6.168280692373472
3.0,11.0,0.18503275658166984
3.0,12.0,5.583504847452218
4.0,11.0,1.977772983961108
4.0,12.0,2.5083556372735307
5.0,11.0,3.6709567614469307
5.0,12.0,3.507152909670104
6.0,11.0,4.017980403223156
6.0,12.0,8.738983208491572
7.0,11.0,4.599491695272587
7.0,12.0,0.1161710707707364
8.0,11.0,7.621687091924175
8.0,12.0,7.16356819659895
9.0,11.0,3.1853970680789434
9.0,12.0,6.484249215262762
10.0,11.0,0.4662604461268849
10.0,12.0,0.8248554556443288
#CONTROLLER11.34,1.0250374666666662
0.0,11.0,4.4994786577415695
0.0,12.0,4.700599361990269
1.0,11.0,7.67221791064792
1.0,12.0,0.3866563128615912
2.0,11.0,6.192965276095182
2.0,12.0,4.2004827911209865
3.0,11.0,8.275720520454566
3.0,12.0,6.5146540667814286
4.0,11.0,7.634834922831906
4.0,12.0,8.886798337042519
5.0,11.0,6.6143023502194325
5.0,12.0,6.875806206646084
6.0,11.0,6.025022500322552
6.0,12.0,9.886432070432106
7.0,11.0,2.6974808471539706
7.0,12.0,2.339834111635838
8.0,11.0,6.998747470570792
8.0,12.0,4.518949137241204
9.0,11.0,8.631289849652198
9.0,12.0,1.543355657099962
10.0,11.0,8.719625088154642
10.0,12.0,4.582211887001777
#CONTROLLER11.40,0.6193627746947837
0.0,11.0,5.6489351499677625
0.0,12.0,4.108015834611292
1.0,11.0,5.572634205736997
1.0,12.0,9.260155419415717
2.0,11.0,6.532480254877743
2.0,12.0,6.900924929765666
3.0,11.0,7.4927293771117025
3.0,12.0,2.4543503347531033
4.0,11.0,6.327587626689133
4.0,12.0,6.89911271887242
5.0,11.0,4.51696166554729
5.0,12.0,6.9039213389029985
6.0,11.0,2.0178168183138334
6.0,12.0,3.882542884824314
7.0,11.0,6.31607888797576
7.0,12.0,8.703548441527257
8.0,11.0,5.949380212514576
8.0,12.0,7.956364822322557
9.0,11.0,6.219776919806517
9.0,12.0,6.220078103548467
10.0,11.0,6.122694467822241
10.0,12.0,6.1888152887443795
12.0,11.0,7.479771879297566
#CONTROLLER11.42,1.2259800664451819
0.0,11.0,2.2340051900073057
0.0,12.0,3.2194300776817553
1.0,11.0,7.22380432449533
1.0,12.0,4.365705416790707
2.0,11.0,5.285981156249711
2.0,12.0,6.5947877118733125
3.0,11.0,3.3726318946163616
3.0,12.0,7.06464182641216
4.0,11.0,1.1405285252616864
4.0,12.0,2.012272579303021
5.0,11.0,7.984828940439257
5.0,12.0,5.230923176664843
6.0,11.0,3.5099763589284745
6.0,12.0,0.558495508376831
7.0,11.0,8.626244603200504
7.0,12.0,6.559107493534832
8.0,11.0,1.1166835038811271
8.0,12.0,8.771458449744518
9.0,11.0,8.15007788974115
9.0,12.0,2.537259994207444
10.0,11.0,4.025911964276725
10.0,12.0,8.243131372413345
#CONTROLLER11.46,1.584786013289037
0.0,11.0,9.424252243904455
0.0,12.0,5.932573798337211
1.0,11.0,6.002403815701907
1.0,12.0,6.443124116120726
2.0,11.0,3.5984019281979602
2.0,12.0,3.5090174175842463
3.0,11.0,3.143385121307338
3.0,12.0,7.959848825978644
4.0,11.0,3.3748575101422045
4.0,12.0,0.3498019405204307
5.0,11.0,9.20687806239972
5.0,12.0,3.693274001753874
6.0,11.0,4.567964555445185
6.0,12.0,5.306632687075917
7.0,11.0,7.813556291380168
7.0,12.0,8.659314470618106
8.0,11.0,1.7751670922615208
8.0,12.0,1.3857081017564266
9.0,11.0,7.616173563340212
9.0,12.0,8.599677786417153
10.0,11.0,2.199375042480529
10.0,12.0,6.442828839461163
12.0,12.0,9.118929448725638
#CONTROLLER11.47,2.043355757575758
0.0,11.0,5.747756342058183
0.0,12.0,1.9679806886071525
1.0,11.0,7.982042355502891
1.0,12.0,6.800427187268717
2.0,11.0,4.196131444045578
2.0,12.0,2.94128295976674
3.0,11.0,3.143385121307338
3.0,12.0,2.6220433619802126
4.0,11.0,2.6584949415513712
4.0,12.0,6.629491202027349
5.0,11.0,7.29545252145595
5.0,12.0,6.364153102283819
6.0,11.0,4.340593852250008
6.0,12.0,1.705184393877797
7.0,11.0,2.2672676728008394
7.0,12.0,6.717392651282596
8.0,11.0,1.0553922371856483
8.0,12.0,0.976018117763946
9.0,11.0,4.197987580852256
9.0,12.0,3.697552525098482
10.0,11.0,7.077165580318527
10.0,12.0,7.801838262013893
12.0,12.0,1.1907049652473845
#CONTROLLER11.48,1.491407705627705
0.0,11.0,9.424252243904455
0.0,12.0,5.201157066746956
1.0,11.0,9.05985873706532
1.0,12.0,4.494236894675241
2.0,11.0,3.5984019281979602
2.0,12.0,0.1969517764533606
3.0,11.0,4.925701611436235
3.0,12.0,8.278425743314248
4.0,11.0,9.447145301820715
4.0,12.0,6.963504638203183
5.0,11.0,4.192792112831798
5.0,12.0,0.03991057095688966
6.0,11.0,5.5298404304784405
6.0,12.0,0.4032833007192611
7.0,11.0,4.398906406354639
7.0,12.0,4.082959132501431
8.0,11.0,6.203943539060635
8.0,12.0,0.46347840975617416
9.0,11.0,3.8432672345601304
9.0,12.0,3.5838397735006993
10.0,11.0,1.5783645204321157
10.0,12.0,6.820043225006987
12.0,12.0,1.4289737444145008
#CONTROLLER11.49,1.6918791653290526
0.0,11.0,8.559046232624057
0.0,12.0,4.573631462207246
1.0,11.0,9.05985873706532
1.0,12.0,3.478442847743885
2.0,11.0,8.750996855865665
2.0,12.0,1.2555640018918055
3.0,11.0,4.763178949275968
3.0,12.0,3.6605029891122287
4.0,11.0,6.612721964517203
4.0,12.0,3.9517648312141462
5.0,11.0,0.24806072706372717
5.0,12.0,1.9057775463420334
6.0,11.0,4.386910245055864
6.0,12.0,1.239148622629119
7.0,11.0,8.376030626051985
7.0,12.0,7.731489640919367
8.0,11.0,9.513295191002964
8.0,12.0,6.121218656854094
9.0,11.0,1.4691624314669376
9.0,12.0,2.6675306986207374
10.0,11.0,2.6416318621268147
10.0,12.0,7.457998435990589
12.0,12.0,5.119509050878063
#CONTROLLER11.55,1.1407615909090896
0.0,11.0,4.3187221896855
0.0,12.0,4.957900179207577
1.0,11.0,9.30396004701269
1.0,12.0,1.824516093931038
2.0,11.0,0.2730621330433749
2.0,12.0,1.9954169521407223
3.0,11.0,2.932204377894416
3.0,12.0,4.638294681621392
4.0,11.0,4.566047381357745
4.0,12.0,4.997353598405006
5.0,11.0,6.173352417179041
5.0,12.0,9.028342510389251
6.0,11.0,2.191124575299124
6.0,12.0,4.969811045177009
7.0,11.0,6.282807334123643
7.0,12.0,6.90798919861213
8.0,11.0,9.667784664354611
8.0,12.0,3.0753208670527243
9.0,11.0,8.576928311646787
9.0,12.0,0.05261836654988983
10.0,11.0,1.5783645204321157
10.0,12.0,0.866946284079912
12.0,12.0,1.1907049652473845
#CONTROLLER11.57,1.6918791653290526
0.0,11.0,1.9067517865044117
0.0,12.0,0.4858560594671939
1.0,11.0,9.614866596419683
1.0,12.0,3.3683226875089183
2.0,11.0,8.592108012537413
2.0,12.0,8.34533326872537
3.0,11.0,3.1037045510023615
3.0,12.0,4.909550136985414
4.0,11.0,2.0506248557916287
4.0,12.0,9.592687926500659
5.0,11.0,8.735574518711246
5.0,12.0,3.2807849184769733
6.0,11.0,9.233311341125205
6.0,12.0,1.8490821249772487
7.0,11.0,3.8701398684596207
7.0,12.0,7.346544129534585
8.0,11.0,6.710229690748463
8.0,12.0,5.574446820765353
9.0,11.0,3.3627055422561476
9.0,12.0,2.184674469752114
10.0,11.0,1.3208046268211753
10.0,12.0,2.4546245729206024
12.0,12.0,1.1907049652473845
#CONTROLLER11.59,1.1407615909090896
0.0,11.0,9.424252243904455
0.0,12.0,1.4668028211897148
1.0,11.0,6.211152481835535
1.0,12.0,9.657626765331756
2.0,11.0,5.298682505928314
2.0,12.0,1.3255984308735158
3.0,11.0,4.164784396669761
3.0,12.0,8.650756191583987
4.0,11.0,1.4895537341495153
4.0,12.0,1.4867781083497533
5.0,11.0,8.737928216559546
5.0,12.0,3.2807849184769733
6.0,11.0,4.186528902139612
6.0,12.0,1.705184393877797
7.0,11.0,0.27794124012585186
7.0,12.0,3.1557783906074244
8.0,11.0,4.039372378931089
8.0,12.0,0.4917835699835642
9.0,11.0,9.508093148187694
9.0,12.0,4.034475066829216
10.0,11.0,3.7579017709884273
10.0,12.0,7.599542917155407
12.0,12.0,0.474258098248745
#CONTROLLER11.60,1.1407615909090896
0.0,11.0,8.067406348029307
0.0,12.0,2.689359555408366
1.0,11.0,3.741791615854197
1.0,12.0,8.793259274783926
2.0,11.0,7.206230526184106
2.0,12.0,1.2555640018918055
3.0,11.0,4.373141824897562
3.0,12.0,8.64621641354354
4.0,11.0,0.14850182753781915
4.0,12.0,7.488402717796177
5.0,11.0,7.912318703067413
5.0,12.0,1.9057775463420334
6.0,11.0,8.107742208432862
6.0,12.0,7.718766800111808
7.0,11.0,8.376030626051985
7.0,12.0,8.275952529909784
8.0,11.0,4.392635335338982
8.0,12.0,1.8847639043513666
9.0,11.0,1.4691624314669376
9.0,12.0,2.6675306986207374
10.0,11.0,4.718265763191042
10.0,12.0,2.3491026546095366
12.0,12.0,4.513185450851347
#CONTROLLER11.61,1.1948736038961036
0.0,11.0,5.402949905307171
0.0,12.0,1.864547361491658
1.0,11.0,6.5048162988331235
1.0,12.0,8.61341540052998
2.0,11.0,3.340902921870093
2.0,12.0,2.9081779953123306
3.0,11.0,4.790769218422084
3.0,12.0,1.1396198144030834
4.0,11.0,3.647198394585505
4.0,12.0,4.710135128826892
5.0,11.0,7.605115902529627
5.0,12.0,3.2807849184769733
6.0,11.0,7.240175322359878
6.0,12.0,3.657428867090231
7.0,11.0,2.2672676728008394
7.0,12.0,2.8945508136382827
8.0,2.103709138544E12,6.627455025894623
8.0,12.0,3.476625182373887
9.0,11.0,9.428347454089597
9.0,12.0,7.219977519746834
10.0,11.0,7.224165803118372
10.0,12.0,7.644790425186281
12.0,12.0,1.3590628732958665
2.103709138544E12,11.0,9.604358899699777
#CONTROLLER11.62,1.3667026500000001
0.0,11.0,7.61097410742228
0.0,12.0,9.959355338034195
1.0,11.0,2.372063100702812
1.0,12.0,7.1856183301427095
2.0,11.0,4.418382053077304
2.0,12.0,8.156211773762621
3.0,11.0,3.9555415507684906
3.0,12.0,9.86192973796765
4.0,11.0,7.693899325821519
4.0,12.0,7.677165215621384
5.0,11.0,9.433025422228305
5.0,12.0,5.709992253106757
6.0,11.0,1.0390708402834221
6.0,12.0,3.320271497368137
7.0,11.0,4.321329010471684
7.0,4.55810801202E11,6.161800098908133
8.0,11.0,1.5632714489259918
8.0,12.0,1.1031787374157904
9.0,11.0,5.47228676024093
9.0,12.0,3.229828941475292
10.0,11.0,6.335886858961288
10.0,12.0,5.970422541340654
4.55810801202E11,12.0,4.693693105857362
#CONTROLLER11.63,1.471927186147185
0.0,11.0,8.559046232624057
0.0,12.0,8.454330719403051
1.0,11.0,9.05985873706532
1.0,12.0,7.073855456895714
2.0,11.0,4.078493250821824
2.0,12.0,2.0999383010029824
3.0,11.0,8.998212241804136
3.0,12.0,4.820447933325887
4.0,11.0,7.5295506198140405
4.0,12.0,6.354593545483295
5.0,11.0,1.222302073908308
5.0,12.0,1.9057775463420334
6.0,11.0,8.926289547670672
6.0,12.0,0.871261560828767
7.0,11.0,8.376030626051985
7.0,12.0,1.9977552358031012
8.0,11.0,9.207463319276044
8.0,12.0,6.042313674356173
9.0,11.0,0.8184062030707189
9.0,12.0,1.2103845569630565
10.0,11.0,2.6416318621268147
10.0,12.0,9.508485525430217
12.0,12.0,2.021376546477784
#CONTROLLER11.64,1.4643514285714296
0.0,11.0,8.559046232624057
0.0,12.0,8.651392513040154
1.0,11.0,6.048307246937785
1.0,12.0,3.478442847743885
2.0,11.0,8.750996855865665
2.0,12.0,4.773795678179191
3.0,11.0,4.750922145938969
3.0,12.0,0.8669201337662376
4.0,11.0,9.078304590885137
4.0,12.0,1.0103130891063223
5.0,11.0,0.08354380514865367
5.0,12.0,1.9057775463420334
6.0,11.0,2.2894335956543976
6.0,12.0,1.239148622629119
7.0,11.0,0.048182700244133514
7.0,12.0,9.668104313953503
8.0,11.0,4.318414454434871
8.0,12.0,7.578041883298837
9.0,11.0,4.175572722644166
9.0,12.0,0.06238304583938259
10.0,11.0,0.6049744372330164
10.0,12.0,4.5450006475070115
12.0,12.0,9.550437582779466
#CONTROLLER11.66,1.584786013289037
0.0,11.0,0.665525030196557
0.0,12.0,5.932573798337211
1.0,11.0,6.002403815701907
1.0,12.0,4.838833141311005
2.0,11.0,8.554943510320783
2.0,12.0,3.5090174175842463
3.0,11.0,3.143385121307338
3.0,12.0,6.150718913323878
4.0,11.0,8.624527119862705
4.0,12.0,2.6454180649766474
5.0,11.0,5.220478527226375
5.0,12.0,3.9496516853805588
6.0,11.0,2.475965230461128
6.0,12.0,1.8841398535757676
7.0,11.0,6.570592986547991
7.0,12.0,6.706767011071772
8.0,11.0,5.2707971217502125
8.0,12.0,1.7954404831502266
9.0,11.0,8.2696929840356
9.0,12.0,0.002713982252469549
10.0,11.0,8.384775967674557
10.0,12.0,6.088449779174607
12.0,12.0,3.6417560897008805
#CONTROLLER11.67,1.1472550324675315
0.0,11.0,1.3415086271668635
0.0,12.0,7.5516754373586465
1.0,11.0,8.797748675229878
1.0,12.0,3.3683226875089183
2.0,11.0,7.9840347595484085
2.0,12.0,2.658514376326453
3.0,11.0,3.9975004430009484
3.0,12.0,7.266601269364916
4.0,11.0,2.0506248557916287
4.0,12.0,9.370203902399528
5.0,11.0,0.4028871124437927
5.0,12.0,8.05303562725101
6.0,11.0,0.18802824344115798
6.0,12.0,5.621628852064546
7.0,11.0,3.8701398684596207
7.0,12.0,0.5600100302990167
8.0,11.0,5.321560845493909
8.0,12.0,1.8794872554138315
9.0,11.0,6.366044248046585
9.0,12.0,2.184674469752114
10.0,11.0,4.332876731168753
10.0,12.0,1.7399788882054494
12.0,12.0,3.103385411981016
#CONTROLLER11.69,1.1494195670995664
0.0,11.0,8.395117098779044
0.0,12.0,4.573631462207246
1.0,11.0,9.589742762937043
1.0,12.0,2.7426215658821924
2.0,11.0,6.714817840429777
2.0,12.0,1.2555640018918055
3.0,11.0,3.3917044404142622
3.0,12.0,2.005216642471586
4.0,11.0,8.288776105101633
4.0,12.0,3.9517648312141462
5.0,11.0,0.24806072706372717
5.0,12.0,2.582859095251866
6.0,11.0,5.99308380161723
6.0,12.0,5.853717397243646
7.0,11.0,8.467715692911344
7.0,12.0,6.946758677507589
8.0,11.0,9.513295191002964
8.0,12.0,1.0574941314494275
9.0,11.0,0.26860923122578306
9.0,12.0,2.6675306986207374
10.0,11.0,2.6416318621268147
10.0,12.0,7.457998435990589
12.0,12.0,5.119509050878063
#CONTROLLER11.70,1.5173837121212115
0.0,11.0,3.844898128166008
0.0,12.0,7.555000250987531
1.0,11.0,6.59971822163127
1.0,12.0,1.3583673488243235
2.0,11.0,8.592108012537413
2.0,12.0,8.36719025958053
3.0,11.0,3.1037045510023615
3.0,12.0,4.909550136985414
4.0,11.0,2.2172933894829123
4.0,12.0,2.810195821734478
5.0,11.0,0.2344924769154506
5.0,12.0,6.812552832526052
6.0,11.0,6.2595546510587585
6.0,12.0,9.061980422614706
7.0,11.0,1.8632868970183836
7.0,12.0,7.346544129534585
8.0,11.0,5.089147918112424
8.0,12.0,8.193505673720203
9.0,11.0,3.784129777768457
9.0,12.0,2.184674469752114
10.0,11.0,9.421009863106079
10.0,12.0,2.1931460838112073
12.0,12.0,7.351795551843006
#CONTROLLER11.72,1.4352823920265776
0.0,11.0,3.1352322101692014
0.0,12.0,2.2050913892666095
1.0,11.0,7.22380432449533
1.0,12.0,4.365705416790707
2.0,11.0,1.791641377121394
2.0,12.0,9.572476590697022
3.0,11.0,9.069995642958997
3.0,12.0,2.9530947029975465
4.0,11.0,1.6735300413844172
4.0,12.0,9.110546415050084
5.0,11.0,7.984828940439257
5.0,12.0,9.727398703316158
6.0,11.0,3.5099763589284745
6.0,12.0,0.558495508376831
7.0,11.0,8.626244603200504
7.0,12.0,6.428628827418022
8.0,11.0,8.037312026118443
8.0,12.0,8.771458449744518
9.0,11.0,5.669771065809323
9.0,12.0,0.1957491933083162
10.0,11.0,1.2720313078483692
10.0,12.0,8.566417790869002
#CONTROLLER11.73,1.4643514285714296
0.0,11.0,9.153979660211668
0.0,12.0,4.885758836115892
1.0,11.0,9.924773824272311
1.0,12.0,6.533950219271432
2.0,11.0,1.5114153989059993
2.0,12.0,6.458434023120589
3.0,11.0,0.9839159730248532
3.0,12.0,0.665609891850945
4.0,11.0,3.573386920782198
4.0,12.0,4.626725343846769
5.0,11.0,4.669477172854655
5.0,12.0,5.859339886413913
6.0,11.0,8.018945280070252
6.0,12.0,1.239148622629119
7.0,11.0,8.376030626051985
7.0,12.0,4.830787467538846
8.0,11.0,4.03779658899272
8.0,12.0,6.121218656854094
9.0,11.0,0.4078535306875928
9.0,12.0,7.47723651295336
10.0,11.0,0.6742650642625758
10.0,12.0,6.496553175268424
12.0,12.0,5.119509050878063
12.0,11.0,5.75279586003429
#CONTROLLER11.74,1.2879955703211519
0.0,11.0,7.418693653711262
0.0,12.0,2.2050913892666095
1.0,11.0,7.22380432449533
1.0,12.0,4.314862858437774
2.0,11.0,3.4160305166501637
2.0,12.0,0.4242195939624427
3.0,11.0,9.069995642958997
3.0,12.0,1.7876197781544683
4.0,11.0,0.2990292971375119
4.0,12.0,1.94694501517505
5.0,11.0,3.0573234349461345
5.0,12.0,0.5801991050111592
6.0,11.0,3.694167121320497
6.0,12.0,0.8636037139036254
7.0,11.0,5.354012480218781
7.0,12.0,7.0374037667228
8.0,11.0,6.674594388395615
8.0,12.0,1.504637887393553
9.0,11.0,8.760596926227105
9.0,12.0,1.1623758706619256
10.0,11.0,5.727748833735489
10.0,12.0,7.996893752568173
#CONTROLLER11.75,1.101551734317343
0.0,11.0,1.8950763799155543
0.0,12.0,7.043875533424146
1.0,11.0,6.549468176129267
1.0,12.0,5.321383546254292
2.0,11.0,0.7743046675283622
2.0,12.0,4.674747671928028
3.0,11.0,1.5612278540172868
3.0,12.0,2.9043724419300982
4.0,11.0,0.578499640628289
4.0,12.0,7.7033093093900495
5.0,11.0,7.237289988881706
5.0,12.0,3.2565511590502183
6.0,11.0,8.653084259903865
6.0,12.0,7.986398072357675
7.0,11.0,9.438675326532369
7.0,12.0,2.6212317959895266
8.0,11.0,9.744434713357712
8.0,12.0,4.424386747499458
9.0,11.0,3.0360150155947334
9.0,12.0,9.184731657423503
10.0,11.0,1.8980264037282808
10.0,12.0,3.036580694354698
12.0,12.0,6.653529909523805
11.0,11.0,6.705370185621046
#CONTROLLER11.76,0.01
0.0,11.0,9.153979660211668
0.0,12.0,4.957900179207577
1.0,11.0,9.05985873706532
1.0,12.0,6.772290002693649
2.0,11.0,3.923640295165976
2.0,12.0,0.3104090838943834
3.0,11.0,5.793283075552678
3.0,12.0,7.3499210093372085
4.0,11.0,4.566047381357745
4.0,12.0,4.997353598405006
5.0,11.0,9.8324747633003
5.0,12.0,7.161894760591938
6.0,11.0,7.3357133933128935
6.0,12.0,0.2718251975100312
7.0,11.0,5.138302653220286
7.0,12.0,6.245093337699689
8.0,11.0,7.137556904964988
8.0,12.0,8.85624713875433
9.0,11.0,0.4078535306875928
9.0,12.0,8.653225912222137
10.0,11.0,3.936528441320082
10.0,12.0,4.529346950260951
12.0,12.0,0.6004642501224122
