#CONTROLLER13.12,1.1362791694352157
0.0,11.0,5.131752137073949
0.0,12.0,5.541417754884403
1.0,11.0,7.816263070352935
1.0,12.0,8.516844317137984
2.0,11.0,2.181490495376819
2.0,12.0,7.7485264721354135
3.0,11.0,3.0008469683130956
3.0,12.0,8.559750368304886
4.0,11.0,9.397524184925885
4.0,12.0,2.596486109571279
5.0,11.0,5.753937140973288
5.0,12.0,6.912287743329739
6.0,11.0,3.2909953855381886
6.0,12.0,9.569116361575457
7.0,11.0,5.307397540050589
7.0,12.0,7.896431686553209
8.0,11.0,1.256576864865913
8.0,12.0,1.8742454750083404
9.0,11.0,5.0458644310949925
9.0,12.0,2.179400781066356
10.0,11.0,0.5278544330632595
10.0,12.0,1.117281065547397
#CONTROLLER13.14,1.6555143269230754
0.0,11.0,9.843764526034946
0.0,12.0,0.4157528536838502
1.0,11.0,8.332671271540907
1.0,12.0,7.988449414943397
2.0,11.0,6.929980052114033
2.0,12.0,8.03033729111523
3.0,11.0,3.053892383854439
3.0,12.0,6.9935907944094255
4.0,11.0,4.420577037747748
4.0,12.0,8.367081130384591
5.0,11.0,3.714653441747167
5.0,12.0,8.241674624342668
6.0,11.0,7.0367405470829265
6.0,12.0,8.618745690714555
7.0,11.0,9.018231484857399
7.0,12.0,1.494455307553359
8.0,11.0,9.568308675230057
8.0,12.0,4.946771477810987
9.0,11.0,5.802285492513699
9.0,12.0,5.049718817600677
10.0,11.0,4.605968456089384
10.0,12.0,1.8681804393612893
12.0,12.0,4.394037743597433
#CONTROLLER13.25,1.6854717837837825
0.0,11.0,1.629339632838903
0.0,12.0,7.876735171599105
1.0,11.0,4.792394574390353
1.0,12.0,5.232337993015717
2.0,11.0,0.716624145763598
2.0,12.0,9.819090211065227
3.0,11.0,1.4392931141003587
3.0,12.0,3.89536840294475
4.0,11.0,2.0156557131521584
4.0,12.0,7.238765878215787
5.0,11.0,6.647462461260689
5.0,12.0,9.970563043682654
6.0,11.0,7.0367405470829265
6.0,12.0,5.774366297682214
7.0,11.0,2.1544021834977345
7.0,12.0,2.8800986536806903
8.0,11.0,3.033523011026766
8.0,12.0,4.800168592863258
9.0,11.0,9.154842079562805
9.0,12.0,2.3369115341423203
10.0,11.0,1.618319666090887
10.0,12.0,8.370575086956773
12.0,12.0,6.05130768147697
#CONTROLLER13.33,1.6555143269230754
0.0,11.0,9.843764526034946
0.0,12.0,5.7016663648794115
1.0,11.0,8.768512588112117
1.0,12.0,6.836856460772054
2.0,11.0,7.392774967166033
2.0,12.0,9.008109350135099
3.0,11.0,3.053892383854439
3.0,12.0,4.773808071923041
4.0,11.0,9.10996369413838
4.0,12.0,8.367081130384591
5.0,11.0,3.714653441747167
5.0,12.0,1.6097986755881735
6.0,11.0,9.564360537035203
6.0,12.0,8.570374482412767
7.0,11.0,8.007185364885377
7.0,12.0,6.753490747323777
8.0,11.0,0.1435003878433161
8.0,12.0,6.673205689911985
9.0,11.0,9.783695709904563
9.0,12.0,7.986779292525037
10.0,11.0,6.573413869754194
10.0,12.0,7.1035490222125866
12.0,12.0,4.394037743597433
#CONTROLLER13.34,1.6476334486486486
0.0,11.0,9.44372375670185
0.0,12.0,9.3871103572782
1.0,11.0,6.891061220435908
1.0,12.0,3.1627964762359433
2.0,11.0,0.5126697796092206
2.0,12.0,9.609943901045309
3.0,11.0,6.024857517133032
3.0,12.0,9.409400879976928
4.0,11.0,7.457862087198414
4.0,12.0,8.765798305383615
5.0,11.0,7.744927669882546
5.0,12.0,1.7218139090197777
6.0,11.0,9.120427635728479
6.0,12.0,8.213585306999116
7.0,11.0,7.835611816462343
7.0,12.0,1.903579450135986
8.0,11.0,4.868940530871694
8.0,12.0,4.184077896438767
9.0,11.0,5.897860059014484
9.0,12.0,0.02023934177553599
10.0,11.0,7.938713848563392
10.0,12.0,1.8681804393612893
12.0,12.0,6.332215771237827
#CONTROLLER13.47,1.6555143269230754
0.0,11.0,9.987750696652794
0.0,12.0,0.34146495682474653
1.0,11.0,8.332671271540907
1.0,12.0,4.3557293667444235
2.0,11.0,6.929980052114033
2.0,12.0,7.263513586783667
3.0,11.0,0.6095919852715941
3.0,12.0,2.593855274915457
4.0,11.0,5.753747035649797
4.0,12.0,6.870228596149353
5.0,11.0,3.579003334759838
5.0,12.0,8.480973267978072
6.0,11.0,9.004408744759518
6.0,12.0,9.018618508974392
7.0,11.0,4.629431145401316
7.0,12.0,8.578634174806698
8.0,11.0,9.568308675230057
8.0,12.0,9.056707105902115
9.0,11.0,2.0783040235472043
9.0,12.0,3.8584971935169143
10.0,11.0,4.605968456089384
10.0,12.0,5.122868274521471
12.0,12.0,7.416071482572251
#CONTROLLER13.50,1.6555143269230754
0.0,11.0,7.788515859390442
0.0,12.0,1.1096470257897728
1.0,11.0,3.8946736520621776
1.0,12.0,4.72236118126083
2.0,11.0,5.147376509163301
2.0,12.0,0.046926287037628356
3.0,11.0,5.231484413302234
3.0,12.0,7.595249132298832
4.0,11.0,8.79923271520994
4.0,12.0,1.215980157653199
5.0,11.0,2.68349069600956
5.0,12.0,7.427295189495322
6.0,11.0,7.0367405470829265
6.0,12.0,8.282795758347994
7.0,11.0,3.2020809645898645
7.0,12.0,8.811648182088067
8.0,11.0,5.942794425366342
8.0,12.0,2.9424610993279208
9.0,11.0,6.5051033298673655
9.0,12.0,2.1408611268685824
10.0,11.0,5.726175041820616
10.0,12.0,5.269788666535624
12.0,12.0,9.205234492339446
#CONTROLLER13.52,1.6555143269230754
0.0,11.0,5.5878068553295375
0.0,12.0,8.314480621671937
1.0,11.0,1.4342484576224486
1.0,12.0,0.8114291043145538
2.0,11.0,1.678601435266243
2.0,12.0,6.089556690021967
3.0,11.0,5.961739347569384
3.0,12.0,3.340386153104241
4.0,11.0,2.127904320373414
4.0,12.0,7.433000275349957
5.0,11.0,3.6918139398833567
5.0,12.0,8.241674624342668
6.0,11.0,8.445326968546453
6.0,12.0,7.077988586808108
7.0,11.0,2.7129904182633124
7.0,12.0,1.494455307553359
8.0,11.0,8.574056410835722
8.0,12.0,5.021185804154223
9.0,11.0,2.2145277424580563
9.0,12.0,5.608298591054442
10.0,11.0,2.6521650185431263
10.0,12.0,4.997238911427553
12.0,12.0,3.981133229730151
#CONTROLLER13.56,1.7508980066445181
0.0,11.0,0.7366626222302166
0.0,12.0,5.427028473768316
1.0,11.0,8.477699844650699
1.0,12.0,4.377059134949759
2.0,11.0,0.5326310573724502
2.0,12.0,4.6313897786558496
3.0,11.0,5.231484413302234
3.0,12.0,2.4100265980857793
4.0,11.0,2.0473372669401577
4.0,12.0,6.725109646668517
5.0,11.0,5.7407827649088095
5.0,12.0,4.180649753225046
6.0,11.0,9.308268063800075
6.0,12.0,8.282795758347994
7.0,11.0,3.629505017736978
7.0,12.0,9.807478587825138
8.0,11.0,6.293450742121831
8.0,12.0,2.9424610993279208
9.0,11.0,0.4387577433709602
9.0,12.0,5.132411592440567
10.0,11.0,4.3254050452948745
10.0,12.0,3.070954268743204
12.0,12.0,0.5293762020685921
#CONTROLLER13.60,1.6555143269230754
0.0,11.0,7.6682395504534595
0.0,12.0,0.2119677063090465
1.0,11.0,8.332671271540907
1.0,12.0,7.988449414943397
2.0,11.0,8.202603153411513
2.0,12.0,6.268895576852362
3.0,11.0,3.053892383854439
3.0,12.0,4.5893151305101965
4.0,11.0,7.047085797320268
4.0,12.0,0.8680317439636767
5.0,11.0,3.583231461414722
5.0,12.0,8.241674624342668
6.0,11.0,1.5206829924204754
6.0,12.0,8.618745690714555
7.0,11.0,4.346693924233891
7.0,12.0,1.494455307553359
8.0,11.0,0.1974666559561875
8.0,12.0,7.902235422421082
9.0,11.0,3.6505240399513
9.0,12.0,8.919946569427804
10.0,11.0,7.924088274535912
10.0,12.0,6.670021801747531
12.0,12.0,2.9866898046548656
#CONTROLLER13.62,1.6555143269230754
0.0,11.0,9.843764526034946
0.0,12.0,6.806591768498111
1.0,11.0,0.2048780449346399
1.0,12.0,6.836856460772054
2.0,11.0,7.943800093070619
2.0,12.0,9.008109350135099
3.0,11.0,2.0394441866782316
3.0,12.0,5.954695635349196
4.0,11.0,6.86909830148802
4.0,12.0,3.719155547195614
5.0,11.0,0.40793209851877954
5.0,12.0,2.0502747890958872
6.0,11.0,0.3854632075071045
6.0,12.0,8.69679373370165
7.0,11.0,8.007185364885377
7.0,12.0,7.328589130168851
8.0,11.0,3.1965068966600896
8.0,12.0,2.2226040119388824
9.0,11.0,0.2874388963125174
9.0,12.0,6.159887286452714
10.0,11.0,7.096814607866836
10.0,12.0,6.639136967786632
12.0,12.0,8.853614276254675
#CONTROLLER13.66,2.0562821837837815
0.0,11.0,2.394106981384658
0.0,12.0,7.682751719483647
1.0,11.0,8.376789090941571
1.0,12.0,4.0489955321046995
2.0,2.27950859315E12,9.33230104155452
2.0,12.0,9.187819544304027
3.0,11.0,7.732690402203755
3.0,12.0,3.4000933856488906
4.0,11.0,7.418799045324423
4.0,12.0,8.367081130384591
5.0,11.0,0.583719403572589
5.0,12.0,7.275945197054806
6.0,11.0,7.689925670541967
6.0,12.0,8.17024518661754
7.0,11.0,9.647995907998418
7.0,12.0,6.792665531346371
8.0,11.0,9.568308675230057
8.0,12.0,0.7555067268784228
9.0,11.0,1.3198542700160623
9.0,12.0,6.886142656792322
10.0,11.0,4.605968456089384
10.0,12.0,8.232256965679387
12.0,12.0,1.3378510728256252
2.27950859315E12,11.0,3.32576183433571
#CONTROLLER13.68,1.6555143269230754
0.0,11.0,6.283595926351437
0.0,12.0,0.4157528536838502
1.0,11.0,9.020115459340396
1.0,12.0,4.581058244786577
2.0,11.0,7.449980309090524
2.0,12.0,4.316138147738277
3.0,11.0,6.76958001205168
3.0,12.0,8.625169085852086
4.0,11.0,6.1863027509600705
4.0,12.0,5.638452469068971
5.0,11.0,3.9887929937565296
5.0,12.0,8.712051003180935
6.0,11.0,7.0367405470829265
6.0,12.0,5.729807903533789
7.0,11.0,1.6384852468945041
7.0,12.0,6.413316599733873
8.0,11.0,7.721435121574025
8.0,12.0,3.3440115316548225
9.0,11.0,4.92103859681807
9.0,12.0,0.8276064284578659
10.0,11.0,1.9371244071672855
10.0,12.0,1.8681804393612893
12.0,12.0,6.264023783959047
#CONTROLLER13.70,1.6555143269230754
0.0,11.0,9.843764526034946
0.0,12.0,4.163704565550283
1.0,11.0,4.206834110878082
1.0,12.0,6.836856460772054
2.0,11.0,5.6069824275412135
2.0,12.0,4.805701656660798
3.0,11.0,9.841560834713029
3.0,12.0,4.773808071923041
4.0,11.0,9.318856155793775
4.0,12.0,8.367081130384591
5.0,11.0,2.255784090843891
5.0,12.0,9.792297514754297
6.0,11.0,7.588829034673154
6.0,12.0,7.834627948583115
7.0,11.0,5.046113863312898
7.0,12.0,0.611167630713485
8.0,11.0,7.478440838562072
8.0,12.0,0.9682968941376657
9.0,11.0,3.277599381403128
9.0,12.0,7.986779292525037
10.0,11.0,6.105869039546231
10.0,12.0,9.394329548281064
12.0,12.0,1.0128718023116683
#CONTROLLER13.74,1.8372771760797324
0.0,11.0,2.348749989058911
0.0,12.0,8.900333345395705
1.0,11.0,9.217972474015614
1.0,12.0,5.278492206770027
2.0,11.0,3.848460154884334
2.0,12.0,1.7905360770754246
3.0,11.0,5.194089582822148
3.0,12.0,9.976901614882276
4.0,11.0,9.218279343275452
4.0,12.0,5.313351740868035
5.0,11.0,5.305567730421094
5.0,12.0,2.1987720511128437
6.0,11.0,4.186139660750269
6.0,12.0,7.746709605835484
7.0,11.0,0.30212212290284046
7.0,12.0,8.726792151876595
8.0,11.0,9.334560516520911
8.0,12.0,9.850008298492444
9.0,11.0,5.802285492513699
9.0,12.0,5.049718817600677
10.0,11.0,9.85850811248962
10.0,12.0,4.489199739872145
12.0,12.0,3.1402401430417015
#CONTROLLER13.77,2.0562821837837815
0.0,11.0,4.466720096596903
0.0,12.0,9.451671015212867
1.0,11.0,1.8030380988497612
1.0,12.0,7.31716415106561
2.0,2.27950859315E12,2.3523585925031654
2.0,12.0,3.7573616670920007
3.0,11.0,3.3313169471967408
3.0,12.0,5.050246582569265
4.0,11.0,1.1604793881919395
4.0,12.0,1.057941505855986
5.0,11.0,4.33206287212699
5.0,12.0,5.19194745067574
6.0,11.0,7.689925670541967
6.0,12.0,8.17024518661754
7.0,11.0,1.257567274260511
7.0,12.0,6.792665531346371
8.0,11.0,3.19457968683807
8.0,12.0,0.8112541134882005
9.0,11.0,8.483046805896873
9.0,12.0,8.60908016422593
10.0,11.0,4.404924327130358
10.0,12.0,5.675610984971309
12.0,12.0,1.3378510728256252
2.27950859315E12,11.0,0.07030980841525825
#CONTROLLER13.78,1.6555143269230754
0.0,11.0,9.498884604411966
0.0,12.0,5.7016663648794115
1.0,11.0,3.8844424451072683
1.0,12.0,3.6070681512298197
2.0,11.0,7.982986695122452
2.0,12.0,8.820232634981458
3.0,11.0,4.409349436641394
3.0,12.0,4.773808071923041
4.0,11.0,6.496612292160881
4.0,12.0,2.9926902613423545
5.0,11.0,2.8734284551968887
5.0,12.0,7.988109589434963
6.0,11.0,0.938138438803712
6.0,12.0,2.9115359325284063
7.0,11.0,9.271625795917707
7.0,12.0,1.476400694670728
8.0,11.0,4.438411168029523
8.0,12.0,7.764683339207657
9.0,11.0,9.924411041457315
9.0,12.0,7.431003670237192
10.0,11.0,6.880601437244479
10.0,12.0,9.581023934371444
12.0,12.0,1.8687400449659322
#CONTROLLER13.79,1.6555143269230754
0.0,11.0,8.129666259563525
0.0,12.0,0.4157528536838502
1.0,11.0,7.4436051362211515
1.0,12.0,4.7692307267442
2.0,11.0,3.787594289821355
2.0,12.0,8.03033729111523
3.0,11.0,7.533596540813261
3.0,12.0,6.9935907944094255
4.0,11.0,6.80445542515027
4.0,12.0,3.930005025041268
5.0,11.0,6.911368199219336
5.0,12.0,3.7238923348897828
6.0,11.0,0.6436572077046918
6.0,12.0,8.618745690714555
7.0,11.0,3.4771399523106927
7.0,12.0,6.716164082148048
8.0,11.0,9.950374253481671
8.0,12.0,5.832274878867519
9.0,11.0,2.222505905432916
9.0,12.0,5.049718817600677
10.0,11.0,4.605968456089384
10.0,12.0,2.252949986363671
12.0,12.0,5.899774512338308
#CONTROLLER13.82,1.6555143269230754
0.0,11.0,10.0
0.0,12.0,7.455228152196128
1.0,11.0,2.8187065006957273
1.0,12.0,6.836856460772054
2.0,11.0,7.392774967166033
2.0,12.0,1.854777332738223
3.0,11.0,3.612497647667892
3.0,12.0,5.42585114415701
4.0,11.0,4.184636672968452
4.0,12.0,8.367081130384591
5.0,11.0,3.714653441747167
5.0,12.0,1.6702422424095564
6.0,11.0,9.564360537035203
6.0,12.0,6.31748508434689
7.0,11.0,8.007185364885377
7.0,12.0,9.944018677372275
8.0,11.0,0.1435003878433161
8.0,12.0,1.4676672978875374
9.0,11.0,5.715252351058414
9.0,12.0,8.253470022482631
10.0,11.0,7.237455104196522
10.0,12.0,7.1035490222125866
12.0,12.0,3.1742598804743993
#CONTROLLER13.83,1.7560052483801276
0.0,11.0,0.3862686601941494
0.0,12.0,9.690210119926254
1.0,11.0,0.6605382333024963
1.0,12.0,9.293208242927191
2.0,11.0,6.851494562610064
2.0,12.0,8.421317732756439
3.0,11.0,1.4630249701960771
3.0,12.0,8.257309272702415
4.0,11.0,4.994505205647521
4.0,12.0,4.301571886846888
5.0,11.0,8.625927564030029
5.0,12.0,1.6236579948990855
6.0,11.0,8.569265094771936
6.0,12.0,6.40248161726916
7.0,11.0,1.8257500063444159
7.0,12.0,0.2960771438645935
8.0,11.0,4.318519875518303
8.0,2.875553283253E12,0.3151206529425856
9.0,11.0,4.737913218088332
9.0,12.0,2.979545538250092
10.0,11.0,0.22543907154105547
10.0,12.0,8.512431155093038
11.0,11.0,1.8274709387211212
2.875553283253E12,12.0,1.7338843912327597
#CONTROLLER13.89,1.7233091999999999
0.0,11.0,0.28519101375447775
0.0,12.0,4.589721139010033
1.0,11.0,2.5475336664020425
1.0,12.0,8.422399076381804
2.0,11.0,7.661226138388132
2.0,12.0,5.862088081602916
3.0,11.0,6.854891749406097
3.0,12.0,7.813005183471152
4.0,11.0,2.93780305238519
4.0,12.0,4.5519378325797195
5.0,11.0,5.573898172149601
5.0,12.0,1.4585451905647902
6.0,11.0,3.827146017318917
6.0,12.0,1.3449383243179298
7.0,11.0,4.391235306821219
7.0,12.0,6.753490747323777
8.0,11.0,4.945371714939288
8.0,12.0,6.2092257028445825
9.0,11.0,1.2544948899567814
9.0,12.0,9.12045305031161
10.0,11.0,1.7951353116005713
10.0,12.0,9.003577473981895
12.0,12.0,2.106399686744707
#CONTROLLER13.90,1.6555143269230754
0.0,11.0,7.744878388548491
0.0,12.0,0.4963247230112078
1.0,11.0,6.31537073248489
1.0,12.0,4.978350883633523
2.0,11.0,6.912575729381132
2.0,12.0,8.03033729111523
3.0,11.0,7.533596540813261
3.0,12.0,5.9113888740179865
4.0,11.0,9.13810380859611
4.0,12.0,7.861852732156967
5.0,11.0,2.8065514102373657
5.0,12.0,2.1151349447437067
6.0,11.0,0.8975728420198514
6.0,12.0,8.618745690714555
7.0,11.0,6.123609800851359
7.0,12.0,1.3811413031515727
8.0,11.0,4.800615805223664
8.0,12.0,5.832274878867519
9.0,11.0,2.8381457592517183
9.0,12.0,1.3018678594149264
10.0,11.0,9.136299284347864
10.0,12.0,7.9252182256511094
12.0,12.0,6.168679405110858
#CONTROLLER13.91,1.6555143269230754
0.0,11.0,9.843764526034946
0.0,12.0,0.4157528536838502
1.0,11.0,0.9981016498108559
1.0,12.0,1.0409396125466834
2.0,11.0,8.476590306465923
2.0,12.0,6.790946728127377
3.0,11.0,3.053892383854439
3.0,12.0,7.351037470691967
4.0,11.0,1.196212952685718
4.0,12.0,6.791149362623884
5.0,11.0,7.881782515221868
5.0,12.0,3.1176822011841026
6.0,11.0,7.0367405470829265
6.0,12.0,9.707900601625465
7.0,11.0,5.156571981354827
7.0,12.0,1.7903988658957442
8.0,11.0,6.4027165892028925
8.0,12.0,1.2563646832462538
9.0,11.0,6.915874179971462
9.0,12.0,7.207625547953269
10.0,11.0,4.88891535389387
10.0,12.0,1.4896714957454993
12.0,12.0,3.949682907209315
#CONTROLLER13.95,1.6555143269230754
0.0,11.0,9.843764526034946
0.0,12.0,0.5519070940254913
1.0,11.0,4.982651137251581
1.0,12.0,1.977591994108911
2.0,11.0,6.929980052114033
2.0,12.0,1.3338498280236841
3.0,11.0,1.7832439999901553
3.0,12.0,3.3698645432005563
4.0,11.0,9.604520168811241
4.0,12.0,7.816299319883015
5.0,11.0,5.482340607576304
5.0,12.0,3.400080238083669
6.0,11.0,7.0367405470829265
6.0,12.0,1.0138804085480082
7.0,11.0,9.018231484857399
7.0,12.0,1.494455307553359
8.0,11.0,1.1072730426343753
8.0,12.0,5.981364618699456
9.0,11.0,7.8034496102920485
9.0,12.0,5.255919043107443
10.0,11.0,9.923963735727547
10.0,12.0,4.914494354691101
12.0,12.0,4.882997973153255
#CONTROLLER13.96,1.7600658810810803
0.0,11.0,1.5523432826180343
0.0,12.0,9.860565002632768
1.0,11.0,5.035002096078946
1.0,12.0,7.988449414943397
2.0,11.0,1.5576268788735543
2.0,12.0,6.557343527735231
3.0,11.0,6.072661674912254
3.0,12.0,4.997047537132473
4.0,11.0,4.420577037747748
4.0,12.0,4.17001654073232
5.0,11.0,6.255821674045359
5.0,12.0,8.845915828345221
6.0,11.0,9.789072056296055
6.0,12.0,1.6368323555828006
7.0,11.0,9.018231484857399
7.0,12.0,1.494455307553359
8.0,11.0,3.2731949802859877
8.0,12.0,4.948079652102255
9.0,11.0,1.338405244456105
9.0,12.0,3.8874975061556842
10.0,11.0,0.19433785046181384
10.0,12.0,1.1796070416785387
12.0,12.0,3.7634949090093244
#CONTROLLER13.99,1.7406064432432418
0.0,11.0,4.3515288897759525
0.0,12.0,0.6662284927455193
1.0,11.0,8.768512588112117
1.0,12.0,0.27403087427652295
2.0,11.0,2.70612638515483
2.0,12.0,1.6282348320866724
3.0,11.0,5.94031064641616
3.0,12.0,2.168753353103603
4.0,11.0,9.731235271949144
4.0,12.0,0.39699688937374233
5.0,11.0,5.537875510039713
5.0,12.0,6.069875900687767
6.0,11.0,7.082821848988196
6.0,12.0,5.628813845583592
7.0,11.0,1.3834666133453588
7.0,12.0,4.138474722124464
8.0,11.0,3.4334186286591883
8.0,12.0,8.436657121672987
9.0,11.0,0.040845895700339696
9.0,12.0,7.986779292525037
10.0,11.0,3.033196672012471
10.0,12.0,9.938040235907163
12.0,12.0,8.590130189759353
#CONTROLLER13.104,1.689795978378377
0.0,11.0,9.804468869458077
0.0,12.0,4.163704565550283
1.0,11.0,4.657962620934789
1.0,12.0,0.44920308346832805
2.0,11.0,0.2988060659768781
2.0,12.0,7.178189351970912
3.0,11.0,5.669911669706309
3.0,12.0,8.696501065334761
4.0,11.0,9.318856155793775
4.0,12.0,5.631355004760552
5.0,11.0,7.070625671010298
5.0,12.0,5.344277825459043
6.0,11.0,4.27160343177926
6.0,12.0,7.914599411854422
7.0,11.0,6.083439349834792
7.0,12.0,9.9069847994039
8.0,11.0,7.415097239357031
8.0,12.0,7.059027202557871
9.0,11.0,3.277599381403128
9.0,12.0,8.947761210279157
10.0,11.0,2.341398124186769
10.0,12.0,9.394329548281064
12.0,12.0,6.655121717512429
#CONTROLLER13.112,1.6555143269230754
0.0,11.0,7.788515859390442
0.0,12.0,5.56143672300265
1.0,11.0,3.8946736520621776
1.0,12.0,9.036129966908781
2.0,11.0,9.182105814385128
2.0,12.0,4.001741431665938
3.0,11.0,2.0130294327545943
3.0,12.0,6.472221901594626
4.0,11.0,2.1935966565311205
4.0,12.0,5.462547978210878
5.0,11.0,2.68349069600956
5.0,12.0,9.92385398131163
6.0,11.0,7.712741512570233
6.0,12.0,8.282795758347994
7.0,11.0,1.8450396989124318
7.0,12.0,3.957994497291379
8.0,11.0,1.5487871098106503
8.0,12.0,2.34610505147581
9.0,11.0,5.993647827046111
9.0,12.0,3.5593820552811586
10.0,11.0,5.726175041820616
10.0,12.0,4.855628677182434
12.0,12.0,9.205234492339446
#CONTROLLER13.114,1.6555143269230754
0.0,11.0,0.07580940503188849
0.0,12.0,0.4157528536838502
1.0,11.0,8.332671271540907
1.0,12.0,3.1305948037492364
2.0,11.0,1.1122973960386755
2.0,12.0,8.03033729111523
3.0,11.0,7.651184763486732
3.0,12.0,6.9935907944094255
4.0,11.0,4.420577037747748
4.0,12.0,4.69937545597777
5.0,11.0,3.3480555018227065
5.0,12.0,8.241674624342668
6.0,11.0,5.955696375908628
6.0,12.0,8.618745690714555
7.0,11.0,9.018231484857399
7.0,12.0,8.539766949389893
8.0,11.0,9.568308675230057
8.0,12.0,5.266313517963345
9.0,11.0,4.332814141233143
9.0,12.0,3.6523082485060776
10.0,11.0,2.688758755950853
10.0,12.0,6.238847899747729
12.0,12.0,4.557914396113123
#CONTROLLER13.115,1.6555143269230754
0.0,11.0,1.810877510883076
0.0,12.0,8.304256181583408
1.0,11.0,8.495476280687328
1.0,12.0,5.525756178963899
2.0,11.0,6.929980052114033
2.0,12.0,8.395337003588516
3.0,11.0,3.053892383854439
3.0,12.0,7.149238298040302
4.0,11.0,4.420577037747748
4.0,12.0,8.282800786817507
5.0,11.0,3.714653441747167
5.0,12.0,8.847317937981598
6.0,11.0,7.0367405470829265
6.0,12.0,3.3936772244347786
7.0,11.0,9.494721644031333
7.0,12.0,1.494455307553359
8.0,11.0,8.292629725239497
8.0,12.0,5.974496605214657
9.0,11.0,5.802285492513699
9.0,12.0,8.195644822760222
10.0,11.0,4.605968456089384
10.0,12.0,3.92240987431917
12.0,12.0,9.712825925189069
#CONTROLLER13.121,0.01
0.0,11.0,8.22902798794603
0.0,12.0,5.349496088972929
1.0,11.0,7.976671480732351
1.0,12.0,5.390446494161938
2.0,11.0,7.257777061744687
2.0,12.0,7.098761345809958
3.0,11.0,6.472902078197002
3.0,12.0,2.7679557675051996
4.0,11.0,2.3277905793383553
4.0,12.0,3.6099212019285982
5.0,11.0,6.635756742318975
5.0,12.0,0.5933819299326117
6.0,11.0,6.988670594477728
6.0,12.0,7.035437664029157
7.0,11.0,4.929880108302713
7.0,12.0,6.937856500077766
8.0,11.0,7.243109939744617
8.0,12.0,5.906964648041065
9.0,11.0,8.112401823167453
9.0,12.0,5.985835084536646
10.0,11.0,7.055996630618782
10.0,12.0,8.292029374175591
11.0,12.0,7.532441473376766
#CONTROLLER12.9,1.6555143269230754
0.0,11.0,9.843764526034946
0.0,12.0,3.7235985757786683
1.0,11.0,5.36669238946941
1.0,12.0,2.7883358415784727
2.0,11.0,1.7369916516763517
2.0,12.0,8.229773429049526
3.0,11.0,1.7602475442108378
3.0,12.0,6.812599865732032
4.0,11.0,2.066146863262473
4.0,12.0,0.505123020727833
5.0,11.0,6.698774078754141
5.0,12.0,9.913735313648633
6.0,11.0,1.7519323913898504
6.0,12.0,2.6700718791576623
7.0,11.0,8.886415412094621
7.0,12.0,1.903579450135986
8.0,11.0,4.873589909101326
8.0,12.0,7.2552559146555335
9.0,11.0,9.305799627274684
9.0,12.0,5.848604055708535
10.0,11.0,3.182118993656746
10.0,12.0,1.8681804393612893
12.0,12.0,4.218497023936747
#CONTROLLER12.32,1.7052780456026042
0.0,11.0,8.622345521836078
0.0,12.0,3.7235985757786683
1.0,11.0,3.468246856555229
1.0,12.0,3.0584780831069818
2.0,11.0,6.215664685632738
2.0,12.0,8.229773429049526
3.0,11.0,3.1198296233804808
3.0,12.0,3.8102116867645286
4.0,11.0,3.3533758006181236
4.0,12.0,1.8323373701918673
5.0,11.0,7.31352725621549
5.0,12.0,7.788166370410989
6.0,11.0,0.05836639093356055
6.0,12.0,9.00736967027235
7.0,11.0,6.997113406127431
7.0,12.0,2.720071516956393
8.0,11.0,9.546362844958974
8.0,12.0,9.701511770252536
9.0,11.0,0.10050352647038352
9.0,12.0,1.1781923811136163
10.0,11.0,7.114719859625673
10.0,12.0,6.491239662519332
11.0,11.0,9.900077188903474
#CONTROLLER12.45,1.6891838461538446
0.0,11.0,9.424252243904455
0.0,12.0,4.957900179207577
1.0,11.0,9.05985873706532
1.0,12.0,6.800427187268717
2.0,11.0,3.5984019281979602
2.0,12.0,0.1969517764533606
3.0,11.0,3.143385121307338
3.0,12.0,8.278425743314248
4.0,11.0,4.566047381357745
4.0,12.0,4.997353598405006
5.0,11.0,6.173352417179041
5.0,12.0,3.2807849184769733
6.0,11.0,1.0166064356526299
6.0,12.0,1.705184393877797
7.0,11.0,2.2672676728008394
7.0,12.0,6.245093337699689
8.0,11.0,9.455157141152519
8.0,12.0,0.46347840975617416
9.0,11.0,3.3627055422561476
9.0,12.0,2.184674469752114
10.0,11.0,1.5783645204321157
10.0,12.0,7.644790425186281
12.0,12.0,1.1907049652473845
#CONTROLLER12.56,1.7226463225806439
0.0,11.0,1.4318175992463225
0.0,12.0,4.84395639021783
1.0,11.0,4.300567717214097
1.0,12.0,5.622821349694802
2.0,11.0,7.1401227970755565
2.0,12.0,1.9935425436574423
3.0,11.0,6.840130243922282
3.0,12.0,8.377110693139983
4.0,11.0,0.7619562502834913
4.0,12.0,7.943924720449985
5.0,11.0,1.9274724122082088
5.0,12.0,8.39664191140665
6.0,11.0,9.234566920533599
6.0,12.0,4.772182566596985
7.0,11.0,2.336762433452604
7.0,12.0,7.357320798309708
8.0,11.0,4.549940862166755
8.0,12.0,9.421980100639036
9.0,11.0,5.84677246504838
9.0,12.0,8.635231129114803
10.0,11.0,8.109606789014975
10.0,12.0,4.999513439890022
12.0,12.0,6.754599040874719
#CONTROLLER12.66,1.7616651519999984
0.0,11.0,0.4480154360468962
0.0,12.0,9.550735122795821
1.0,11.0,2.4252662672123098
1.0,12.0,6.800427187268717
2.0,11.0,9.53854785449278
2.0,12.0,8.421317732756439
3.0,11.0,8.099863244073752
3.0,12.0,7.382177094752738
4.0,11.0,0.6475423705529426
4.0,12.0,5.448159043048651
5.0,11.0,9.761415438295309
5.0,12.0,1.6236579948990855
6.0,11.0,9.503433369413276
6.0,12.0,6.40248161726916
7.0,11.0,4.441121493456496
7.0,12.0,0.2960771438645935
8.0,11.0,8.399771516232324
8.0,12.0,1.7338843912327597
9.0,11.0,4.258926622165784
9.0,12.0,2.6557945727353083
10.0,11.0,8.070762440446263
10.0,12.0,5.83677860896106
11.0,11.0,1.8274709387211212
#CONTROLLER12.83,1.7759383189655156
0.0,11.0,6.6319810538387225
0.0,12.0,9.922466712486486
1.0,11.0,5.408594393303376
1.0,12.0,5.390446494161938
2.0,11.0,0.6089375255400107
2.0,12.0,8.270054035112445
3.0,11.0,6.124596817917961
3.0,12.0,5.0631412691461675
4.0,11.0,5.955835689820967
4.0,12.0,2.865844054411708
5.0,11.0,7.907666960750561
5.0,12.0,0.5933819299326117
6.0,11.0,4.762265476671761
6.0,12.0,8.869409377093021
7.0,11.0,4.294518603607093
7.0,12.0,8.611104611973763
8.0,11.0,8.213438104025371
8.0,12.0,3.539472572851297
9.0,11.0,3.594392378797197
9.0,12.0,0.5956120405878895
10.0,11.0,8.243421978542425
10.0,12.0,4.130643279123105
11.0,12.0,5.374941918554487
#CONTROLLER11.40,0.8235985850556437
0.0,11.0,5.6489351499677625
0.0,12.0,4.108015834611292
1.0,11.0,5.572634205736997
1.0,12.0,9.260155419415717
2.0,11.0,6.532480254877743
2.0,12.0,6.900924929765666
3.0,11.0,7.4927293771117025
3.0,12.0,2.4543503347531033
4.0,11.0,6.327587626689133
4.0,12.0,6.89911271887242
5.0,11.0,4.51696166554729
5.0,12.0,6.9039213389029985
6.0,11.0,2.0178168183138334
6.0,12.0,3.882542884824314
7.0,11.0,6.31607888797576
7.0,12.0,8.703548441527257
8.0,11.0,5.949380212514576
8.0,12.0,7.956364822322557
9.0,11.0,6.219776919806517
9.0,12.0,6.220078103548467
10.0,11.0,6.122694467822241
10.0,12.0,6.1888152887443795
12.0,11.0,7.479771879297566
#CONTROLLER11.73,1.6570608269525262
0.0,11.0,9.153979660211668
0.0,12.0,4.885758836115892
1.0,11.0,9.924773824272311
1.0,12.0,6.533950219271432
2.0,11.0,1.5114153989059993
2.0,12.0,6.458434023120589
3.0,11.0,0.9839159730248532
3.0,12.0,0.665609891850945
4.0,11.0,3.573386920782198
4.0,12.0,4.626725343846769
5.0,11.0,4.669477172854655
5.0,12.0,5.859339886413913
6.0,11.0,8.018945280070252
6.0,12.0,1.239148622629119
7.0,11.0,8.376030626051985
7.0,12.0,4.830787467538846
8.0,11.0,4.03779658899272
8.0,12.0,6.121218656854094
9.0,11.0,0.4078535306875928
9.0,12.0,7.47723651295336
10.0,11.0,0.6742650642625758
10.0,12.0,6.496553175268424
12.0,12.0,5.119509050878063
12.0,11.0,5.75279586003429
