#CONTROLLER13.51,1.6307124884080357
0.0,11.0,9.639328451667044
0.0,12.0,8.862061218102548
1.0,11.0,8.958485788660184
1.0,12.0,3.0783636278470805
2.0,11.0,6.929980052114033
2.0,12.0,3.7607050718230077
3.0,11.0,3.053892383854439
3.0,12.0,6.365598958323138
4.0,11.0,6.976608453285548
4.0,12.0,8.367081130384591
5.0,11.0,4.565993238639097
5.0,12.0,7.0573182525370655
6.0,11.0,0.49350032034295843
6.0,12.0,8.618745690714555
7.0,11.0,6.780954370328869
7.0,12.0,4.303276620135543
8.0,11.0,3.416021754211207
8.0,12.0,1.5012129806945023
9.0,11.0,8.006730264432944
9.0,12.0,5.049718817600677
10.0,11.0,5.801027241457697
10.0,12.0,9.626791095380735
12.0,12.0,3.941345863103791
11.0,12.0,5.031282234711867
#CONTROLLER13.53,1.638026551724136
0.0,11.0,9.843764526034946
0.0,12.0,5.862783081936875
1.0,11.0,4.634791092387895
1.0,12.0,1.9215113850165615
2.0,11.0,1.62643312306
2.0,12.0,5.775656402379326
3.0,11.0,7.191650573748518
3.0,12.0,4.773808071923041
4.0,11.0,9.10996369413838
4.0,12.0,4.887305163046925
5.0,11.0,3.714653441747167
5.0,12.0,0.3790564630839821
6.0,11.0,0.922340373922875
6.0,12.0,8.570374482412767
7.0,11.0,4.2094382388974445
7.0,12.0,6.753490747323777
8.0,11.0,4.802450224237318
8.0,12.0,5.890044158450907
9.0,11.0,5.370786838675556
9.0,12.0,7.986779292525037
10.0,11.0,9.10051031596799
10.0,12.0,7.9548114157450645
12.0,12.0,8.675689133357702
12.0,11.0,2.109408990261862
#CONTROLLER13.80,1.6203230627871346
0.0,11.0,7.748256984627144
0.0,12.0,0.09089078618456714
1.0,11.0,3.473504723343872
1.0,12.0,9.25326967517886
2.0,11.0,1.6388772626826729
2.0,12.0,8.03033729111523
3.0,11.0,2.6136639485886075
3.0,12.0,8.091940256322008
4.0,11.0,1.3130905924455387
4.0,12.0,8.609515499222699
5.0,11.0,6.634201445349923
5.0,12.0,2.277662675194561
6.0,11.0,8.71821401931384
6.0,12.0,8.0695759615947
7.0,11.0,2.9932653290783424
7.0,12.0,7.3396416725717515
8.0,11.0,2.0558696806545527
8.0,12.0,7.578370813797584
9.0,11.0,9.314638280530652
9.0,12.0,4.729203022702313
10.0,11.0,3.0347062468314334
10.0,12.0,1.8681804393612893
12.0,12.0,1.0526100937545841
#CONTROLLER13.108,1.6767201569858696
0.0,11.0,5.740636443494559
0.0,12.0,3.7235985757786683
1.0,11.0,8.008297422132681
1.0,12.0,9.962369126209698
2.0,11.0,5.377464452661189
2.0,12.0,8.545798479853481
3.0,11.0,3.5436939236216602
3.0,12.0,1.4559877945703743
4.0,11.0,8.596921110286482
4.0,12.0,0.1496374410669361
5.0,11.0,7.31352725621549
5.0,12.0,0.7103833800473183
6.0,11.0,9.869914097571172
6.0,12.0,0.37543971382238794
7.0,11.0,7.311468831951355
7.0,12.0,6.299371002179262
8.0,11.0,9.546362844958974
8.0,12.0,9.672267320324279
9.0,11.0,0.10050352647038352
9.0,12.0,1.1781923811136163
10.0,11.0,1.127493425478015
10.0,12.0,2.7649240865829405
11.0,11.0,6.330223862523871
#CONTROLLER12.5,1.721701199999999
0.0,11.0,6.827702613540712
0.0,12.0,3.7235985757786683
1.0,11.0,5.36669238946941
1.0,12.0,3.0584780831069818
2.0,11.0,4.6132315797790096
2.0,12.0,8.229773429049526
3.0,11.0,2.8359778636996573
3.0,12.0,6.812599865732032
4.0,11.0,1.1692896208829335
4.0,12.0,0.505123020727833
5.0,11.0,2.880489404327804
5.0,12.0,4.850393010776266
6.0,11.0,4.558597636418127
6.0,12.0,9.25652744885217
7.0,11.0,2.336762433452604
7.0,12.0,5.252935867292258
8.0,11.0,0.005529552525523229
8.0,12.0,9.701511770252536
9.0,11.0,4.258926622165784
9.0,12.0,4.443593152490122
10.0,11.0,0.8684897522665924
10.0,12.0,5.83677860896106
#CONTROLLER12.15,1.721701199999999
0.0,11.0,4.302297644196155
0.0,12.0,3.7235985757786683
1.0,11.0,6.900695419047803
1.0,12.0,6.020151854570006
2.0,11.0,4.6132315797790096
2.0,12.0,8.144313459125852
3.0,11.0,8.71284665907272
3.0,12.0,9.914870226959806
4.0,11.0,4.914604969769805
4.0,12.0,5.114115962573978
5.0,11.0,9.688189869510138
5.0,12.0,4.850393010776266
6.0,11.0,4.558597636418127
6.0,12.0,9.242617436000408
7.0,11.0,6.656847703434083
7.0,12.0,0.8665856871015123
8.0,11.0,0.0036692871169705654
8.0,12.0,9.589926212428606
9.0,11.0,8.27162078057091
9.0,12.0,6.615474337279583
10.0,11.0,1.5348231022380592
10.0,12.0,5.83677860896106
#CONTROLLER12.27,2.269169435215947
0.0,11.0,4.495493583911487
0.0,12.0,2.9570252295565975
1.0,11.0,9.82923202834851
1.0,12.0,5.337167487734957
2.0,11.0,2.026960579132517
2.0,12.0,5.056444914071099
3.0,11.0,8.71284665907272
3.0,12.0,7.058567776217789
4.0,11.0,5.405084821966842
4.0,12.0,5.523095995604399
5.0,11.0,3.8836837283967274
5.0,12.0,1.1576908477154042
6.0,11.0,7.7265190927163445
6.0,12.0,3.7486038527412084
7.0,11.0,6.656847703434083
7.0,12.0,0.8665856871015123
8.0,11.0,4.094247270607651
8.0,12.0,9.647824390257822
9.0,11.0,6.387395004455428
9.0,12.0,7.751475894428845
10.0,11.0,3.5947942127534045
10.0,12.0,0.9269487874369542
#CONTROLLER12.28,2.08106628190899
0.0,11.0,9.57695243109131
0.0,12.0,8.515870149484838
1.0,11.0,4.597684343736532
1.0,12.0,6.020151854570006
2.0,11.0,3.323096061090789
2.0,12.0,0.622738173369644
3.0,11.0,3.3180336853197385
3.0,12.0,2.727759479009311
4.0,11.0,4.914604969769805
4.0,12.0,6.581526838941167
5.0,11.0,9.688189869510138
5.0,12.0,7.834963108695161
6.0,11.0,4.558597636418127
6.0,12.0,2.444269019473559
7.0,11.0,1.2979204819934225
7.0,12.0,4.565702709890228
8.0,11.0,4.218732837845791
8.0,12.0,6.59916239120864
9.0,11.0,8.319892149855876
9.0,12.0,0.5388538654173267
10.0,11.0,8.752198316826348
10.0,12.0,8.380662923393515
#CONTROLLER12.29,1.721701199999999
0.0,11.0,7.018841063842576
0.0,12.0,5.945527620486908
1.0,11.0,5.816120065568889
1.0,12.0,6.951611742162038
2.0,11.0,4.6132315797790096
2.0,12.0,2.8080653238469537
3.0,11.0,8.876338603052801
3.0,12.0,6.812599865732032
4.0,11.0,5.348267449628176
4.0,12.0,3.4702984891250193
5.0,11.0,7.356603723460221
5.0,12.0,8.538553166601826
6.0,11.0,4.558597636418127
6.0,12.0,9.25652744885217
7.0,11.0,2.336762433452604
7.0,12.0,5.252935867292258
8.0,11.0,2.667262404908172
8.0,12.0,7.5790935301714235
9.0,11.0,9.561377886771755
9.0,12.0,1.2599840679697287
10.0,11.0,0.6897442598612632
10.0,12.0,2.9915058727273554
#CONTROLLER12.31,1.7858387569367355
0.0,11.0,1.269442846543683
0.0,12.0,1.9104978249489257
1.0,11.0,5.408594393303376
1.0,12.0,8.828395982982794
2.0,11.0,0.9755698995918021
2.0,12.0,2.0575591673937392
3.0,11.0,6.152875073248865
3.0,12.0,5.0631412691461675
4.0,11.0,3.3183268870823746
4.0,12.0,4.369703027558249
5.0,11.0,2.4590572787936704
5.0,12.0,4.92379183534148
6.0,11.0,9.945235239585898
6.0,12.0,8.869409377093021
7.0,11.0,4.294518603607093
7.0,12.0,7.379770921152262
8.0,11.0,4.9309941213972985
8.0,12.0,3.059716442684927
9.0,11.0,0.3990014977829226
9.0,12.0,4.922719783989866
10.0,11.0,7.844544417636039
10.0,12.0,4.099312416311632
#CONTROLLER12.35,1.721701199999999
0.0,11.0,7.509495143591174
0.0,12.0,7.752226469843045
1.0,11.0,4.001726037699644
1.0,12.0,6.800427187268717
2.0,11.0,9.53854785449278
2.0,12.0,8.421317732756439
3.0,11.0,6.840130243922282
3.0,12.0,5.096431495729295
4.0,11.0,4.566047381357745
4.0,12.0,5.448159043048651
5.0,11.0,9.761415438295309
5.0,12.0,4.850393010776266
6.0,11.0,1.0166064356526299
6.0,12.0,1.705184393877797
7.0,11.0,2.336762433452604
7.0,12.0,6.245093337699689
8.0,11.0,7.65141730861415
8.0,12.0,0.7094133010786212
9.0,11.0,4.258926622165784
9.0,12.0,8.761781405167632
10.0,11.0,8.070762440446263
10.0,12.0,5.83677860896106
#CONTROLLER12.36,1.8361570049916798
0.0,11.0,6.518625635547263
0.0,12.0,0.958188123954244
1.0,11.0,6.7556015649577255
1.0,12.0,8.56573863671511
2.0,11.0,0.9755698995918021
2.0,12.0,4.292062279332935
3.0,11.0,6.152875073248865
3.0,12.0,7.658483857506154
4.0,11.0,3.3183268870823746
4.0,12.0,7.689371352082425
5.0,11.0,2.4590572787936704
5.0,12.0,5.633101820393724
6.0,11.0,3.2082292741564107
6.0,12.0,4.315521568696166
7.0,11.0,0.5835622371587732
7.0,12.0,7.379770921152262
8.0,11.0,8.404789664809869
8.0,12.0,3.4842145970952902
9.0,11.0,8.665232398889389
9.0,12.0,8.580557958152827
10.0,11.0,7.5262641664838705
10.0,12.0,5.26152338043137
#CONTROLLER12.38,1.721701199999999
0.0,11.0,4.678512722351531
0.0,12.0,5.209795903553935
1.0,11.0,7.600889313865732
1.0,12.0,6.456212292441479
2.0,11.0,4.6132315797790096
2.0,12.0,7.161134088153926
3.0,11.0,9.08076461584448
3.0,12.0,6.779755277721124
4.0,11.0,3.7260644341957665
4.0,12.0,5.114115962573978
5.0,11.0,2.2823933903780986
5.0,12.0,6.838753995647289
6.0,11.0,4.558597636418127
6.0,12.0,9.242617436000408
7.0,11.0,1.0527380106520319
7.0,12.0,8.127022837437591
8.0,11.0,6.87728845882652
8.0,12.0,3.8392807017596065
9.0,11.0,6.4350747277795195
9.0,12.0,1.016114847709213
10.0,11.0,1.5348231022380592
10.0,12.0,8.113484008740171
#CONTROLLER12.42,1.721701199999999
0.0,11.0,1.833464421001704
0.0,12.0,7.034380139569095
1.0,11.0,4.300567717214097
1.0,12.0,1.310612693558772
2.0,11.0,1.61087875671023
2.0,12.0,6.673561630294127
3.0,11.0,6.840130243922282
3.0,12.0,7.968929129989316
4.0,11.0,4.566047381357745
4.0,12.0,9.473806586512747
5.0,11.0,9.761415438295309
5.0,12.0,8.444900229125505
6.0,11.0,1.0166064356526299
6.0,12.0,4.842243262860082
7.0,11.0,2.336762433452604
7.0,12.0,7.357320798309708
8.0,11.0,7.99503484951245
8.0,12.0,5.228996831167663
9.0,11.0,4.258926622165784
9.0,12.0,8.8582866122887
10.0,11.0,8.54905588599156
10.0,12.0,8.20494477891761
#CONTROLLER12.47,2.074407014428412
0.0,11.0,3.0921233679696547
0.0,12.0,1.783339675496352
1.0,11.0,5.989149091366897
1.0,12.0,3.3522866307851267
2.0,11.0,4.6132315797790096
2.0,12.0,2.6125355886039214
3.0,11.0,0.6498716120028689
3.0,12.0,8.483628991318824
4.0,11.0,2.535930499182875
4.0,12.0,2.1951980721063595
5.0,11.0,8.276551257108697
5.0,12.0,8.538553166601826
6.0,11.0,4.931849233244277
6.0,12.0,9.25652744885217
7.0,11.0,2.4616117590724462
7.0,12.0,7.447752906741808
8.0,11.0,9.81104269145457
8.0,12.0,7.5790935301714235
9.0,11.0,6.928881173519557
9.0,12.0,4.608921444356707
10.0,11.0,9.76659205199066
10.0,12.0,0.5007799054656275
#CONTROLLER12.52,1.8002672142064364
0.0,11.0,7.018841063842576
0.0,12.0,5.85364746342312
1.0,11.0,5.816120065568889
1.0,12.0,1.2249839030455014
2.0,11.0,6.79551761364414
2.0,12.0,4.193542852317618
3.0,11.0,3.1161703064960875
3.0,12.0,8.63924447864806
4.0,11.0,8.020431148014858
4.0,12.0,2.0211942796249502
5.0,11.0,4.091077799129512
5.0,12.0,8.233174108401169
6.0,11.0,7.134929333904985
6.0,12.0,4.266991282943509
7.0,11.0,9.561563464357805
7.0,12.0,1.4496226294189274
8.0,11.0,8.362473587218048
8.0,12.0,5.78166208772261
9.0,11.0,6.440692420973555
9.0,12.0,9.49881715363206
10.0,11.0,1.9618763855853754
10.0,12.0,0.7930815690781667
#CONTROLLER12.53,2.08106628190899
0.0,11.0,9.57695243109131
0.0,12.0,1.5882481563268485
1.0,11.0,8.809296028581269
1.0,12.0,4.746079108578767
2.0,11.0,6.2547807759727885
2.0,12.0,4.340202591702232
3.0,11.0,3.3180336853197385
3.0,12.0,8.251159802324326
4.0,11.0,6.491176880491622
4.0,12.0,2.1457318698452443
5.0,11.0,6.6266648134573245
5.0,12.0,5.717128848422812
6.0,11.0,2.1750662837083397
6.0,12.0,2.992850990838285
7.0,11.0,8.296451261169587
7.0,12.0,5.049428190191472
8.0,11.0,4.491787138028974
8.0,12.0,6.59916239120864
9.0,11.0,8.319892149855876
9.0,12.0,0.5388538654173267
10.0,11.0,7.58841658218032
10.0,12.0,1.296403011649259
#CONTROLLER12.55,1.5666064725457562
0.0,11.0,1.931138470414799
0.0,12.0,8.008369087114366
1.0,11.0,9.835139073915023
1.0,12.0,2.7737011777761023
2.0,11.0,9.400940604221258
2.0,12.0,6.448331635634531
3.0,11.0,5.319713899502238
3.0,12.0,2.1578998107357634
4.0,1.8930345964E12,6.7383170260056025
4.0,12.0,7.919780545084013
5.0,11.0,2.533441980277498
5.0,12.0,7.059296683442251
6.0,11.0,6.430378966390368
6.0,12.0,2.5677229557756185
7.0,11.0,1.0501333250534017
7.0,12.0,1.1280171098871037
8.0,11.0,8.179913032639504
8.0,12.0,8.955402488154373
9.0,11.0,7.1383411845553155
9.0,12.0,7.415786747032143
10.0,11.0,3.797621240618641
10.0,12.0,8.714733591343816
1.8930345964E12,11.0,0.5244764217453817
#CONTROLLER12.66,2.0899454495005556
0.0,11.0,0.4480154360468962
0.0,12.0,9.550735122795821
1.0,11.0,2.4252662672123098
1.0,12.0,6.800427187268717
2.0,11.0,9.53854785449278
2.0,12.0,8.421317732756439
3.0,11.0,8.099863244073752
3.0,12.0,7.382177094752738
4.0,11.0,0.6475423705529426
4.0,12.0,5.448159043048651
5.0,11.0,9.761415438295309
5.0,12.0,1.6236579948990855
6.0,11.0,9.503433369413276
6.0,12.0,6.40248161726916
7.0,11.0,4.441121493456496
7.0,12.0,0.2960771438645935
8.0,11.0,8.399771516232324
8.0,12.0,1.7338843912327597
9.0,11.0,4.258926622165784
9.0,12.0,2.6557945727353083
10.0,11.0,8.070762440446263
10.0,12.0,5.83677860896106
11.0,11.0,1.8274709387211212
#CONTROLLER12.67,1.7205177038269572
0.0,11.0,1.35865335466635
0.0,12.0,3.181064628885437
1.0,11.0,9.629201176721164
1.0,12.0,3.0523299144856786
2.0,11.0,3.85964167024693
2.0,12.0,5.904791653622579
3.0,11.0,0.8760199450374877
3.0,12.0,7.382177094752738
4.0,11.0,4.137840850833632
4.0,12.0,0.07793907456428784
5.0,11.0,2.850403167267787
5.0,12.0,1.6236579948990855
6.0,11.0,0.9367203475248189
6.0,12.0,5.986608702601741
7.0,11.0,7.553368354369521
7.0,12.0,3.2574442387883114
8.0,11.0,9.806268546356332
8.0,12.0,1.7338843912327597
9.0,11.0,5.76231160278166
9.0,12.0,6.227342169094343
10.0,11.0,4.177914813725215
10.0,12.0,5.655303047028774
11.0,11.0,1.8274709387211212
#CONTROLLER12.68,1.8028797420965081
0.0,11.0,8.811819467556885
0.0,12.0,0.01717833296915039
1.0,11.0,2.834754210794932
1.0,12.0,2.4243051646143705
2.0,11.0,2.0527226264217813
2.0,12.0,4.7115379612668455
3.0,11.0,1.7089561111253264
3.0,12.0,1.535520461804996
4.0,11.0,5.376464462661996
4.0,12.0,6.919225926637772
5.0,11.0,4.661813549611416
5.0,12.0,7.832839881806265
6.0,11.0,4.461553000739073
6.0,12.0,6.40248161726916
7.0,11.0,9.839903172047503
7.0,12.0,9.971383606783505
8.0,11.0,4.7059963280330805
8.0,12.0,1.0074007702352024
9.0,11.0,6.180889733798871
9.0,12.0,6.906225024585481
10.0,11.0,8.070762440446263
10.0,12.0,4.717571779171767
11.0,11.0,1.8274709387211212
#CONTROLLER12.71,1.8002672142064364
0.0,11.0,7.018841063842576
0.0,12.0,2.343470968015895
1.0,11.0,4.920222775630854
1.0,12.0,9.467977656122839
2.0,11.0,5.45716981087943
2.0,12.0,4.193542852317618
3.0,11.0,3.1161703064960875
3.0,12.0,6.856199645987456
4.0,11.0,8.020431148014858
4.0,12.0,2.0211942796249502
5.0,11.0,4.421423062598446
5.0,12.0,2.484858787578151
6.0,11.0,2.264775539174046
6.0,12.0,8.054214774762688
7.0,11.0,9.496905319841847
7.0,12.0,7.856145720461619
8.0,11.0,8.362473587218048
8.0,12.0,6.5546506711611885
9.0,11.0,2.0056042942400545
9.0,12.0,9.559727709482006
10.0,11.0,2.0362244996322323
10.0,12.0,9.252593012588289
#CONTROLLER12.76,1.7858387569367355
0.0,11.0,6.240770502600952
0.0,12.0,7.429604185243375
1.0,11.0,5.408594393303376
1.0,12.0,8.828395982982794
2.0,11.0,8.50592595585911
2.0,12.0,1.9404646858914472
3.0,11.0,6.1961203805898
3.0,12.0,4.696154381607942
4.0,11.0,3.0931883791258876
4.0,12.0,4.369703027558249
5.0,11.0,2.4590572787936704
5.0,12.0,1.7000881386361861
6.0,11.0,9.945235239585898
6.0,12.0,2.409720679848739
7.0,11.0,4.834456904185728
7.0,12.0,4.50081726219906
8.0,11.0,2.9500229392383055
8.0,12.0,3.2405565230739874
9.0,11.0,3.9629300318556027
9.0,12.0,4.922719783989866
10.0,11.0,2.8874224261935177
10.0,12.0,8.379953449950868
#CONTROLLER12.77,2.276256880199664
0.0,11.0,3.307348776921075
0.0,12.0,7.670680646918944
1.0,11.0,1.56363112897467
1.0,12.0,9.459816640768082
2.0,11.0,4.564813265947869
2.0,12.0,3.935487062544638
3.0,11.0,7.171467827926938
3.0,12.0,6.470578475586965
4.0,11.0,9.086648360456557
4.0,12.0,7.006557707996876
5.0,11.0,4.57454068589862
5.0,12.0,2.7479575197882955
6.0,11.0,9.636519627119732
6.0,12.0,9.053112185250061
7.0,11.0,1.9517211790696987
7.0,12.0,6.466478070918175
8.0,11.0,6.072014776204419
8.0,12.0,4.7120610487185814
9.0,11.0,7.74016446869596
9.0,12.0,4.608921444356707
10.0,11.0,4.825838349820359
10.0,12.0,2.162389264866267
#CONTROLLER12.79,1.8040532225913621
0.0,11.0,4.495493583911487
0.0,12.0,5.343222941504722
1.0,11.0,0.11178448395743601
1.0,12.0,2.7174559849106146
2.0,11.0,5.336982375163178
2.0,12.0,7.208641527046103
3.0,11.0,1.7490189982426116
3.0,12.0,3.5547610384551223
4.0,11.0,9.933150340255313
4.0,12.0,5.405893797322296
5.0,11.0,8.496053628105793
5.0,12.0,5.686868402404489
6.0,11.0,3.739508604922081
6.0,12.0,3.2864130956950373
7.0,11.0,4.294518603607093
7.0,12.0,5.608100177398171
8.0,11.0,6.707954324386826
8.0,12.0,5.953182903611999
9.0,11.0,6.522887025329266
9.0,12.0,8.407093353478391
10.0,11.0,7.793700843753644
10.0,12.0,8.499982919668096
#CONTROLLER12.82,1.7936079023307432
0.0,11.0,4.668352606890496
0.0,12.0,7.6362113605901065
1.0,11.0,9.110294822548767
1.0,12.0,3.0732204113111994
2.0,11.0,4.6132315797790096
2.0,12.0,8.420739634721263
3.0,11.0,7.413651518147638
3.0,12.0,6.425751589879807
4.0,11.0,8.942958526224912
4.0,12.0,0.6188441805817035
5.0,11.0,9.377106654196798
5.0,12.0,0.6688807020701777
6.0,11.0,8.609895351551485
6.0,12.0,9.242617436000408
7.0,11.0,1.0527380106520319
7.0,12.0,5.799289380242265
8.0,11.0,1.9306682888632203
8.0,12.0,7.2821009798122205
9.0,11.0,7.303954882741092
9.0,12.0,3.699520451602865
10.0,11.0,7.78166060682743
10.0,12.0,6.428065285225292
#CONTROLLER12.83,1.755458427620632
0.0,11.0,6.6319810538387225
0.0,12.0,9.922466712486486
1.0,11.0,5.408594393303376
1.0,12.0,5.390446494161938
2.0,11.0,0.6089375255400107
2.0,12.0,8.270054035112445
3.0,11.0,6.124596817917961
3.0,12.0,5.0631412691461675
4.0,11.0,5.955835689820967
4.0,12.0,2.865844054411708
5.0,11.0,7.907666960750561
5.0,12.0,0.5933819299326117
6.0,11.0,4.762265476671761
6.0,12.0,8.869409377093021
7.0,11.0,4.294518603607093
7.0,12.0,8.611104611973763
8.0,11.0,8.213438104025371
8.0,12.0,3.539472572851297
9.0,11.0,3.594392378797197
9.0,12.0,0.5956120405878895
10.0,11.0,8.243421978542425
10.0,12.0,4.130643279123105
11.0,12.0,5.374941918554487
#CONTROLLER12.86,1.8702669301164718
0.0,11.0,4.088083086216049
0.0,12.0,0.7124642829944499
1.0,11.0,2.4252662672123098
1.0,12.0,0.6631663246386594
2.0,11.0,6.629330108743847
2.0,12.0,9.712560482337725
3.0,11.0,0.8911473605183069
3.0,12.0,2.4661854844571547
4.0,11.0,6.469886470636094
4.0,12.0,5.448159043048651
5.0,11.0,2.0718007702864245
5.0,12.0,1.6236579948990855
6.0,11.0,9.503433369413276
6.0,12.0,0.04096756495935594
7.0,11.0,1.5523813486822906
7.0,12.0,0.12957881316060416
8.0,11.0,0.6155749541641207
8.0,12.0,5.38159954958334
9.0,11.0,1.9370412333048215
9.0,12.0,2.5229864881558957
10.0,11.0,9.042511612511975
10.0,12.0,6.4181628532618955
11.0,11.0,4.5860126209220695
#CONTROLLER12.89,1.8590027212242175
0.0,11.0,0.483170108771505
0.0,12.0,0.7124642829944499
1.0,11.0,5.7213255737513276
1.0,12.0,0.6631663246386594
2.0,11.0,6.368635548131504
2.0,12.0,9.712560482337725
3.0,11.0,3.3265998711961364
3.0,12.0,2.468838140762391
4.0,11.0,0.9758650627085004
4.0,12.0,4.138433791988884
5.0,11.0,3.5876134449925656
5.0,12.0,6.409570799975402
6.0,11.0,9.503433369413276
6.0,12.0,0.04096756495935594
7.0,11.0,5.906080099177553
7.0,12.0,6.941862362928184
8.0,11.0,8.020792347064909
8.0,12.0,5.38159954958334
9.0,11.0,1.9370412333048215
9.0,12.0,2.5229864881558957
10.0,11.0,4.941592714045516
10.0,12.0,6.4181628532618955
11.0,11.0,2.31592194004309
#CONTROLLER12.91,1.721701199999999
0.0,11.0,2.7829393262715723
0.0,12.0,3.7235985757786683
1.0,11.0,6.900695419047803
1.0,12.0,6.020151854570006
2.0,11.0,4.6132315797790096
2.0,12.0,8.144313459125852
3.0,11.0,8.088351327023457
3.0,12.0,2.0976518500920562
4.0,11.0,3.9304859926047246
4.0,12.0,5.540181341906886
5.0,11.0,9.688189869510138
5.0,12.0,2.4097944453911264
6.0,11.0,3.670035091339683
6.0,12.0,3.9262771261767515
7.0,11.0,1.6679429302722486
7.0,12.0,5.068435070605228
8.0,11.0,0.6606761173555356
8.0,12.0,9.589926212428606
9.0,11.0,8.083371317498212
9.0,12.0,6.615474337279583
10.0,11.0,3.8221026345721842
10.0,12.0,0.4335593196064753
#CONTROLLER12.96,1.9668439534883724
0.0,11.0,4.490403148148738
0.0,12.0,0.5099890617202529
1.0,11.0,1.5725356716804821
1.0,12.0,7.371132676953895
2.0,11.0,5.625819448224709
2.0,12.0,1.637005620275536
3.0,11.0,3.1161703064960875
3.0,12.0,2.910937299057279
4.0,11.0,2.9442010792289413
4.0,12.0,4.369703027558249
5.0,11.0,5.979639821638239
5.0,12.0,8.799951076224982
6.0,11.0,1.8411932859800189
6.0,12.0,2.1316554036142144
7.0,11.0,5.498634768630359
7.0,12.0,7.856145720461619
8.0,11.0,8.975743381009043
8.0,12.0,9.783686239743016
9.0,11.0,0.10594848609003549
9.0,12.0,8.088315516661151
10.0,11.0,2.482042458358449
10.0,12.0,2.1767379649157803
#CONTROLLER12.98,2.0160218363273437
0.0,11.0,3.307348776921075
0.0,12.0,2.0684896172279483
1.0,11.0,1.56363112897467
1.0,12.0,7.807910368041803
2.0,11.0,7.539586091132209
2.0,12.0,7.58992254827334
3.0,11.0,0.408638073111117
3.0,12.0,2.073452452230642
4.0,11.0,2.8141798154400703
4.0,12.0,2.4185520091712265
5.0,11.0,4.57454068589862
5.0,12.0,6.1594074150680385
6.0,11.0,2.3316822901242222
6.0,12.0,7.8303970652424795
7.0,11.0,1.128767277205645
7.0,12.0,9.20819925554806
8.0,11.0,6.072014776204419
8.0,12.0,7.221601852564497
9.0,11.0,2.202577368269683
9.0,12.0,7.636256483811157
10.0,11.0,9.24935793252802
10.0,12.0,4.269989665004951
#CONTROLLER12.99,1.789568202995007
0.0,11.0,4.90863280946596
0.0,12.0,5.719377137756805
1.0,11.0,0.8574796011925621
1.0,12.0,3.6375532437700286
2.0,11.0,4.592882205689225
2.0,12.0,2.0575591673937392
3.0,11.0,7.06802526564292
3.0,12.0,4.245083920905426
4.0,11.0,3.933942012617118
4.0,12.0,6.0162871992267135
5.0,11.0,2.4590572787936704
5.0,12.0,2.5242430158321856
6.0,11.0,8.19015630000523
6.0,12.0,1.9785797858337002
7.0,11.0,0.8544560220765973
7.0,12.0,3.7512430629162345
8.0,11.0,7.7797524781402565
8.0,12.0,3.5037278396176017
9.0,11.0,4.386720994826955
9.0,12.0,4.922719783989866
10.0,11.0,7.844544417636039
10.0,12.0,9.219268136784224
#CONTROLLER12.101,1.1667654641350214
0.0,11.0,9.639328451667044
0.0,12.0,8.862061218102548
1.0,11.0,1.7727727358227447
1.0,12.0,3.379607208027277
2.0,11.0,2.840048086887128
2.0,12.0,8.980807145586772
3.0,11.0,6.403763499015101
3.0,12.0,7.820685511724037
4.0,11.0,5.598757711939463
4.0,12.0,7.12685082230241
5.0,11.0,3.1891096918244344
5.0,12.0,0.5112315553852156
6.0,11.0,2.700699633698063
6.0,12.0,7.228165662552982
7.0,11.0,6.60151258814472
7.0,12.0,5.538041904437215
8.0,11.0,3.416021754211207
8.0,12.0,3.5475538595186107
9.0,11.0,0.541279463947701
9.0,12.0,7.966002708456749
10.0,11.0,4.749096147691382
10.0,12.0,9.325557979325424
12.0,12.0,3.941345863103791
11.0,12.0,3.549411309961325
#CONTROLLER12.104,1.8638538205980062
0.0,11.0,4.552167001317917
0.0,12.0,4.729521885167837
1.0,11.0,5.408594393303376
1.0,12.0,5.760864624698603
2.0,11.0,9.449030950986756
2.0,12.0,2.456308837421325
3.0,11.0,6.242287254814736
3.0,12.0,6.200158206233105
4.0,11.0,3.3183268870823746
4.0,12.0,5.570945345583491
5.0,11.0,5.690313716010916
5.0,12.0,3.8446201706784855
6.0,11.0,9.945235239585898
6.0,12.0,8.869409377093021
7.0,11.0,3.037685019536431
7.0,12.0,9.594036814315306
8.0,11.0,6.87728845882652
8.0,12.0,3.464836473988191
9.0,11.0,6.4350747277795195
9.0,12.0,3.7226993443033107
10.0,11.0,8.157880505021591
10.0,12.0,4.099312416311632
#CONTROLLER12.106,2.269169435215947
0.0,11.0,8.564771674883023
0.0,12.0,3.4741285787629295
1.0,11.0,5.471187467711259
1.0,12.0,3.6371075032015554
2.0,11.0,4.474235309715972
2.0,12.0,6.671691106348803
3.0,11.0,9.069861084819998
3.0,12.0,7.058567776217789
4.0,11.0,5.405084821966842
4.0,12.0,3.352401352093697
5.0,11.0,3.8836837283967274
5.0,12.0,2.397970183070097
6.0,11.0,6.175259131015672
6.0,12.0,3.8664811735244613
7.0,11.0,5.431729207212732
7.0,12.0,6.6538829623145155
8.0,11.0,7.855925829534924
8.0,12.0,8.404435202397636
9.0,11.0,0.8489450994000549
9.0,12.0,7.751475894428845
10.0,11.0,3.5947942127534045
10.0,12.0,0.9269487874369542
#CONTROLLER12.111,2.269169435215947
0.0,11.0,0.5698702453237718
0.0,12.0,2.9570252295565975
1.0,11.0,9.535195001122451
1.0,12.0,3.184162505222135
2.0,11.0,9.62373098016792
2.0,12.0,6.054926594249819
3.0,11.0,8.71284665907272
3.0,12.0,7.591953508493048
4.0,11.0,4.341574669992225
4.0,12.0,5.523095995604399
5.0,11.0,1.7592540945479325
5.0,12.0,5.685980385380473
6.0,11.0,7.7265190927163445
6.0,12.0,8.054561768406764
7.0,11.0,6.656847703434083
7.0,12.0,8.02249531206068
8.0,11.0,8.549918023814433
8.0,12.0,6.581770149778478
9.0,11.0,9.302719819125919
9.0,12.0,4.606265544404916
10.0,11.0,4.001528407356488
10.0,12.0,7.463298628867552
#CONTROLLER12.115,2.092535881570191
0.0,11.0,5.230807512586166
0.0,12.0,4.020422130946388
1.0,11.0,9.687326824199896
1.0,12.0,1.979891161041671
2.0,11.0,9.472962310456545
2.0,12.0,6.122082683084573
3.0,11.0,4.030258135473288
3.0,12.0,5.390173114941874
4.0,11.0,6.595304341402148
4.0,12.0,5.324888908542902
5.0,11.0,7.997198504247734
5.0,12.0,2.7479575197882955
6.0,11.0,3.054746465820317
6.0,12.0,9.053112185250061
7.0,11.0,7.977522430410723
7.0,12.0,4.981982354267656
8.0,11.0,7.418538353826399
8.0,12.0,7.020763169144535
9.0,11.0,7.997049259020363
9.0,12.0,4.608921444356707
10.0,11.0,4.958488097239318
10.0,12.0,6.948808351503026
#CONTROLLER12.119,1.721701199999999
0.0,11.0,8.534941156872183
0.0,12.0,7.90790586311771
1.0,11.0,9.245888344531402
1.0,12.0,6.210860958713383
2.0,11.0,7.0235447146098196
2.0,12.0,8.144313459125852
3.0,11.0,4.278724221241962
3.0,12.0,4.0358312368346265
4.0,11.0,3.9304859926047246
4.0,12.0,6.0242823182270815
5.0,11.0,0.14900621070068354
5.0,12.0,9.72394233757987
6.0,11.0,4.371159155381566
6.0,12.0,9.855084291033819
7.0,11.0,2.777515199420373
7.0,12.0,9.278921501629895
8.0,11.0,5.311758607714429
8.0,12.0,8.099598201003545
9.0,11.0,8.72847931464381
9.0,12.0,7.072085135163383
10.0,11.0,0.06930532075270612
10.0,12.0,5.8215785881636535
#CONTROLLER12.121,1.7838699778270495
0.0,11.0,3.6038531501415036
0.0,12.0,3.2536738357587724
1.0,11.0,3.8414355434126755
1.0,12.0,8.985862213451114
2.0,11.0,5.67575924753446
2.0,12.0,0.040485087975737244
3.0,11.0,2.294710183003721
3.0,12.0,0.491680077628331
4.0,11.0,4.12778466214041
4.0,12.0,4.369703027558249
5.0,11.0,1.3513694986356448
5.0,12.0,5.347672808952889
6.0,11.0,2.1305614941868676
6.0,12.0,8.869409377093021
7.0,11.0,4.294518603607093
7.0,12.0,4.997016172340716
8.0,11.0,4.9309941213972985
8.0,12.0,8.845028170554317
9.0,11.0,3.53577056657552
9.0,12.0,9.492433779434293
10.0,11.0,2.5884478847346903
10.0,12.0,7.748704504294263
