241.0 114.18555298724708
261.0 116.06505252418066
266.0 122.43694220219729
357.0 145.56898689556053
362.0 138.6244736930661
379.0 188.84187164069328
443.0 158.93999915086002
322.0 124.73323882507324
317.0 131.32747134521986
956.0 217.64881866627638
1515.0 273.7658461343328
450.0 182.99506552246993
1607.0 338.50606879552197
306.0 128.22772984786954
205.0 101.23251584774614
1004.0 254.30308968175362
2762.0 468.3237094034465
245.0 117.21097862782324
859.0 259.8512537460227
3249.0 530.2160359630966
1551.0 313.01880513578396
3457.0 426.5051918544323
436.0 133.8477196484632
269.0 127.7260132530778
528.0 156.0740415601083
1149.0 324.6164194577368
874.0 248.72540489366085
1089.0 368.50711951433215
1015.0 222.86327952668586
3820.0 500.3107203684321
