1795.0 228.1098895301234
1619.0 217.9702828340485
1704.0 208.73698125249234
3820.0 426.3266923454937
2426.0 311.6294319650755
3395.0 397.0095086932584
2204.0 275.75886912634667
2032.0 261.33235365735504
3450.0 421.10222703634736
2548.0 314.45621460583754
4628.0 543.9100079387542
2844.0 341.92598981800296
4658.0 568.606153392715
2211.0 280.3428128217223
5146.0 614.7802566647898
4771.0 538.8902120383732
5042.0 616.0739345825565
2757.0 319.96424726654067
4651.0 584.0936444459303
970.0 118.63858219313931
3702.0 456.9264904849993
3698.0 408.25326816049494
3109.0 360.99521067140586
3665.0 433.1072648434001
2959.0 365.7689633251266
2186.0 283.1347892667532
2395.0 262.9519115401479
3229.0 373.87170606717285
5020.0 624.4346771383288
4833.0 542.2490481816064
