10000.0 743.8192152238412
5784.0 413.9051984012959
10000.0 711.2257001188086
10000.0 704.8856664026831
10000.0 712.3506886300232
10000.0 729.7109149161463
10000.0 681.7864342901214
10000.0 718.0091697824862
3359.0 242.5483167935874
10000.0 728.9532621310678
8133.0 588.9081276851425
10000.0 704.4161386826912
10000.0 718.2620624014005
6580.0 478.36520006979583
10000.0 710.7163303163331
10000.0 625.0814602083146
10000.0 691.9813946226635
10000.0 703.7375036435656
10000.0 676.2303023760062
10000.0 706.5772883419311
3176.0 226.7691337419764
10000.0 708.4055150542075
10000.0 685.5128817288947
10000.0 706.0462241230656
10000.0 711.7907556239134
10000.0 720.6068684469581
10000.0 696.3204535927144
10000.0 736.9337948757202
10000.0 685.8251354501175
9359.0 665.1709776160405
