2379.0 338.0263505569464
3070.0 437.96882396712726
2218.0 305.9122036921578
2501.0 315.4192175621973
2526.0 374.46248199993835
2739.0 377.5006907447468
2380.0 341.7460863425949
5773.0 685.0635802359329
2534.0 347.716110284081
1284.0 160.42179097072554
2522.0 313.4239217083637
2926.0 406.12254360140065
4567.0 587.0208474872946
2049.0 294.483118708195
3859.0 538.1207446857853
4076.0 608.3235555722459
3346.0 483.38704724609414
1075.0 154.18968968714813
1363.0 199.4820980203949
2949.0 417.38413974231685
2760.0 367.30919284174234
3796.0 521.8823349394941
1983.0 251.42329552952395
3729.0 505.2910026756749
2033.0 278.4104706053724
3253.0 448.252588260722
1240.0 177.69765383681954
2631.0 357.5750047728105
2163.0 313.49803453289655
4518.0 647.5114253243277
