9243.0 971.6831348935691
3888.0 393.95664482255233
6574.0 681.7467441454507
4645.0 483.4553248844719
3871.0 377.7274137400238
3431.0 368.70345998758563
3440.0 368.3358500587377
4639.0 474.60254532126913
2548.0 240.4702092768942
6795.0 725.391651545279
4254.0 461.0617127641752
6554.0 640.7836927205524
3454.0 400.4551296992147
10000.0 1042.4932680127959
2749.0 316.67705419474925
6236.0 654.343357489275
4284.0 414.4465503134909
6454.0 668.9164047739765
6254.0 695.8278975474235
593.0 66.09557914188024
7736.0 786.4834481501839
6726.0 687.4662622224424
9555.0 1009.8141434574998
9563.0 1013.1555760417212
2451.0 273.39452076420463
2679.0 277.3455217921123
2876.0 323.31909477047697
3061.0 325.5098788121171
4844.0 483.6043536536853
9439.0 987.1970153118244
