10000.0 476.3594790104006
2013.0 113.2696476556648
1697.0 94.7309490578792
4232.0 174.0367766488542
10000.0 515.7596039827906
6975.0 302.76254469523127
10000.0 429.85422586529387
10000.0 537.1244078820018
10000.0 442.9845623380318
10000.0 419.4985576518311
10000.0 494.4929738098392
10000.0 546.5163745279524
10000.0 525.9547108495437
10000.0 556.9055537572112
8914.0 473.9274238931533
10000.0 521.467427541064
5559.0 316.4308764050559
10000.0 540.6989135502646
10000.0 531.4251562229948
5379.0 301.73982402780223
10000.0 530.7499762941144
5678.0 306.2082891955215
10000.0 463.3723993930207
10000.0 543.7037363444736
10000.0 489.2233259705914
10000.0 580.6305757639461
10000.0 525.8888595519187
10000.0 516.8373877512457
10000.0 420.9613762498011
10000.0 516.5850868771593
