3026.0 189.23501891431872
1789.0 117.4333254984711
6889.0 255.61058941906055
4047.0 186.43174800141517
2926.0 137.74935603520134
10000.0 463.3705697112964
2905.0 168.94219247260108
10000.0 349.4395048764044
8648.0 359.013191406603
9223.0 445.1827293272477
10000.0 467.17727741243453
4737.0 340.6260686509725
10000.0 182.39850690592152
10000.0 395.34034248881164
10000.0 361.47739633607785
10000.0 247.49434210990685
10000.0 470.30821222013293
1304.0 129.61598773673677
5212.0 236.2870553261784
8205.0 342.0913296831764
1167.0 147.55915223091893
5005.0 200.79178719373397
10000.0 505.3334670032661
10000.0 344.97559311368457
10000.0 312.29522343801364
10000.0 341.0702878371033
3788.0 296.13782775529944
7516.0 397.8000632289785
10000.0 451.81792880280625
10000.0 466.8440824217665
