1085.0 228.69090504690865
1585.0 306.27771110540397
1828.0 212.1584828448735
2536.0 394.77198368911866
1425.0 124.28024543903939
2347.0 164.60156341486606
2005.0 411.82947122422945
3682.0 320.23290605426837
3158.0 382.83443411995097
2884.0 310.546664679871
634.0 158.1419195638425
2864.0 249.55630396772864
553.0 170.37076719948178
2009.0 361.352037924474
4370.0 421.22852664161474
1440.0 110.92769048091134
1377.0 242.950583249513
3249.0 306.0125417998784
5681.0 480.43282646331056
323.0 88.02928373375964
4644.0 463.651012302078
3253.0 442.53917852814186
1974.0 300.57577298196236
389.0 143.61899219898612
1533.0 269.3919546388387
1079.0 188.78796799439144
3509.0 433.37813712331547
2118.0 263.8439643908101
5925.0 526.9410762216075
4278.0 389.5490043050338
