5581.0 480.47280034422477
6325.0 545.1493253746135
6340.0 587.9583976754575
10000.0 826.7892583048509
4424.0 380.57783705733846
6836.0 600.6312388308057
1873.0 171.15700778075905
4162.0 366.75915243309925
7652.0 613.9704850850692
10000.0 901.5103465421195
4374.0 375.2347442468548
2450.0 214.3511277377764
6443.0 599.3743933302591
4460.0 400.4184864846916
8167.0 743.306317306221
8264.0 727.7432175215632
2649.0 252.08421165069154
1226.0 102.28950764280262
2257.0 201.29966675064054
6444.0 596.5451949930064
4316.0 371.62676382325316
10000.0 846.0255734584883
10000.0 868.8671462844991
2463.0 205.52603076223383
2461.0 220.53752048668133
4840.0 425.47308252970157
7366.0 711.5260208285315
6268.0 570.0388114835882
6756.0 530.4489690437016
10000.0 781.0426273256446
